,Dim1,Dim2
0,0.79180706,-9.711301
1,10.646237,-1.2418766
2,-6.2801995,-5.745362
3,5.6107244,-19.109926
4,7.885178,-15.291024
5,-2.0716946,-2.324371
6,1.2532175,-5.392271
7,10.745047,-2.8818035
8,7.954632,-19.447731
9,8.099402,-8.601754
10,8.597279,-15.220632
11,2.5918438,-7.3689184
12,-6.4324207,-3.9289978
13,-0.42611957,-1.8570478
14,8.834437,-7.230482
15,-1.0233651,-5.4197927
16,5.1234193,2.9289713
17,-9.45604,-4.7527184
18,-3.5535293,-2.6667495
19,8.125889,-5.8150883
20,1.9436433,-0.39655834
21,4.1405516,-14.886173
22,1.0626049,-17.547861
23,-3.4594963,12.730524
24,6.244925,-14.135945
25,2.5993273,-4.300816
26,-4.87081,1.3655436
27,-1.52041,-6.704747
28,2.6362998,-10.10623
29,8.47212,0.53862983
30,9.272754,-18.415886
31,-5.293526,-2.4734468
32,-9.987256,-1.3581135
33,-3.8713977,14.189209
34,-2.6833718,3.207512
35,1.7287524,6.1179266
36,8.222561,-1.330304
37,-8.081559,12.495562
38,0.051175963,8.00391
39,-0.5229433,1.9000977
40,6.253487,-20.343372
41,-11.869719,7.7879252
42,-6.5489163,0.053357027
43,7.7847047,-16.834003
44,-2.2261102,1.7658203
45,-11.572903,5.217037
46,-2.3408418,3.5198145
47,-0.8272296,8.460471
48,8.386439,-4.129919
49,4.2303257,-16.055529
50,-1.4741541,2.6606793
51,0.14951779,-11.466721
52,-12.094688,9.39626
53,5.1627936,-10.829559
54,-6.97608,1.9215152
55,-4.2302113,12.133784
56,-5.9496202,13.836452
57,2.8669748,-9.310863
58,3.7432957,-16.978529
59,-5.4076395,3.7852905
60,8.264441,-11.751076
61,-4.969134,12.675787
62,0.7803601,9.653009
63,-7.6932874,0.32578483
64,-8.488512,6.1330795
65,-6.101669,7.0370173
66,1.9198472,6.58272
67,9.095185,-17.58115
68,-3.7159877,-3.1306107
69,-7.1722264,7.806465
70,5.6664343,-12.880158
71,-8.928144,-4.9252896
72,7.644639,-0.4698302
73,1.2712255,-12.003704
74,4.855862,-9.675667
75,-6.198565,2.459079
76,-0.4494861,-16.878504
77,-6.2607594,-3.8440523
78,-3.615098,-5.2840123
79,2.1415312,8.825122
80,4.049941,1.7552955
81,3.5728097,0.55819136
82,1.5181078,7.417956
83,6.119847,-17.553001
84,3.2241364,-14.087838
85,-10.99039,8.566106
86,-1.4316528,1.9941188
87,-9.433727,8.485652
88,0.95662844,-0.27010125
89,-9.706305,9.594642
90,4.4026046,1.564236
91,-8.749328,9.15621
92,6.5409503,-5.5367208
93,-3.8131008,-7.653812
94,-10.259196,7.775312
95,1.642344,-2.9666884
96,2.7831826,-14.972615
97,6.8258777,-18.625267
98,2.3851924,8.699418
99,6.3536925,-15.54657
100,-8.441224,9.888433
101,4.058566,-15.595694
102,-9.113456,-0.4859763
103,-9.768677,6.4761972
104,4.329331,2.7239516
105,-10.449959,10.215022
106,8.533065,-7.582648
107,6.577582,-19.48985
108,4.7312255,-19.708927
109,8.680541,-18.600054
110,3.1936824,-11.478868
111,0.81812453,-18.147697
112,3.3735955,-16.148512
113,7.142084,-7.9304605
114,-9.111039,10.00838
115,-7.8263183,-0.6412564
116,-8.794651,7.076314
117,-2.5301425,-4.0248213
118,-3.023221,11.716514
119,8.024161,-3.3132272
120,9.825472,-13.8736925
121,7.7783666,-7.209822
122,7.0569105,-16.515347
123,-1.3342022,-3.4157984
124,5.796719,-5.5757117
125,2.7626276,-13.696933
126,-5.1027284,-4.891846
127,-6.7038627,-6.395569
128,3.7561781,-0.84254164
129,-0.15530434,-0.7899158
130,4.2543597,9.548583
131,-2.3057132,-5.7647624
132,-5.2430243,-6.547535
133,7.1115246,-12.5570345
134,5.739117,-16.334352
135,2.7441478,-2.6943283
136,3.59204,8.692963
137,-4.306396,-6.692432
138,-6.79799,-5.732476
139,7.712506,-17.995941
140,3.0274432,-6.9782557
141,1.879343,-7.473481
142,-9.106767,-2.341446
143,2.541656,-16.267574
144,-9.807475,0.38754043
145,-3.6297286,13.35516
146,-0.923822,9.696309
147,6.868023,-17.260347
148,-8.195684,-0.058933623
149,5.7864084,-4.461676
150,5.7600083,0.77286744
151,1.3665019,-4.8037114
152,-7.250813,13.2686615
153,9.796031,-1.9013215
154,7.1033726,-10.765388
155,5.13998,8.672052
156,5.3305645,-8.183529
157,2.2184417,-0.9836578
158,5.1058216,-12.945442
159,-8.033623,-5.8872175
160,3.957342,-10.46841
161,7.0494823,-13.69307
162,-10.39387,-0.060367405
163,6.8517866,0.115991496
164,-1.1558899,3.1818802
165,-12.059767,9.947719
166,3.356768,1.3368119
167,2.8340468,5.820977
168,-4.1658335,3.899998
169,-6.5848255,13.756636
170,-8.997144,11.004035
171,-1.2649963,-6.991775
172,-11.195986,10.47157
173,-7.140578,12.565954
174,-0.03932337,-2.3094087
175,-1.4797744,-0.07002202
176,6.37039,-9.954357
177,-7.469211,-1.4722111
178,-6.5531807,11.623846
179,-1.1923472,10.782825
180,8.417784,-4.5608735
181,-12.097011,6.390554
182,-6.762336,6.7553425
183,6.944385,-5.918209
184,4.265662,-6.0703244
185,-9.380362,2.4801335
186,-7.58416,2.9247406
187,-9.704985,2.0921166
188,-5.264974,1.900967
189,0.23283674,-10.828162
190,-5.043432,-3.1978445
191,2.5752773,-16.189476
192,4.1761765,-8.399573
193,2.2802765,-17.822731
194,-3.6564837,11.887369
195,-0.53827214,-14.384418
196,0.29313752,-16.169188
197,-0.5487431,10.3347645
198,-10.390124,4.8940883
199,-7.814179,13.704367
200,6.1173773,2.1195035
201,-1.181997,-2.363882
202,-3.304439,2.7734811
203,-8.322343,7.6335464
204,-10.405433,6.670839
205,-9.351873,7.2876186
206,-5.8197527,11.378454
207,1.9156574,-9.993397
208,-6.049826,13.040598
209,-4.7638526,13.620298
210,0.5336108,-6.303386
211,-5.903573,12.144756
212,-8.699512,-2.3803046
213,1.9458638,8.363782
214,3.7980204,-5.8084664
215,2.0606437,-11.020269
216,4.2680516,-18.977047
217,4.7090883,-8.149267
218,-7.068756,-0.8215772
219,10.299731,-2.5051165
220,-2.1192343,1.3137736
221,7.473003,-8.522282
222,2.9088135,-18.88901
223,2.2706785,-8.775682
224,-2.4697738,-6.6560173
225,3.0427592,6.216979
226,7.147923,1.5121459
227,-7.670832,9.270942
228,0.019140452,-17.327888
229,8.470881,-8.342781
230,-0.07177264,-3.7330258
231,3.164684,-18.253529
232,5.4767146,8.398184
233,2.1555657,-5.664642
