630	0,537522726	174	0	0,316572654	0,618633594	40	0,742630083	1,298407933	0	20,21865706	0,276190476	5,643988628	179,2152444	113,0886279	495,7738465	0,284468642	0,179505759	0,786942614	493,0806443	0,974088326	0,486875991	0,266086511
309	1,296350588	142	0	0,138216863	1,257374714	530	2,398636717	4,760197675	0	42,11931628	0,459546926	6,67620553	111,9136641	153,2674285	2077,405464	0,362180143	0,496011095	6,72299503	2076,211115	0,990273056	0,936991233	0,605848488
83	1,019498319	31	0	0,155254529	0,654592234	78	1,627276163	2,132922597	0	10,90293757	0,373493976	1,410306008	46,1610591	59,42612825	200,6720461	0,556157339	0,715977449	2,417735495	198,7729305	0,970833121	0,868778058	0,691536071
412	0,264079013	109	0	0,225753921	0,401233694	535	0,359077734	0,246462055	0	1,283252662	0,264563107	1,813342558	82,83881645	27,0346534	4,349852475	0,201065088	0,065618091	0,010557894	3,019850882	0,898968755	0,070579024	0
396	0,534854639	35	0,227919423	0,479513329	0,728286385	454	0,586710351	0,386947152	0	1,872004583	0,088383838	3,530040614	102,8340844	35,83042685	7,502918224	0,259682031	0,090480876	0,018946763	6,519295372	0,961920507	0,317393016	0
100	1,077164043	26	0	0,807484184	1,885999023	2138	1,455627085	1,123674201	0	5,130752317	0,26	1,795273405	46,93639007	37,97699933	47,60011917	0,469363901	0,379769993	0,476001192	46,80736102	0,993556829	0,844837283	0,215257956
162	0,859429332	9	0,248119574	0,464833569	1,2833284	127	0,909983998	0,914456915	0	5,303246085	0,055555556	2,320459196	67,57958355	40,20551275	26,94262253	0,417157923	0,248182177	0,166312485	26,22981078	0,974478404	0,71391462	0,143480545
253	0,737356905	74	0	0,260121353	0,942818038	1175	1,042186017	1,891462273	0	26,76689123	0,292490119	3,109188285	99,09281849	101,5381393	925,5358133	0,391671219	0,401336519	3,658244321	924,0913264	0,968682856	0,764580919	0,265141121
277	0,317333706	36	0,191302423	0,285099593	0,441847403	90	0,364736251	0,211521442	0	1,077970263	0,129963899	1,465023942	60,47983613	18,22758952	2,419654359	0,218338759	0,065803572	0,008735214	1,76378018	0,926036334	0,023827962	0
272	0,743283989	40	0,208086925	0,586636639	1,123301213	1506	0,8714364	0,65495015	0	2,582505778	0,147058824	3,369554082	114,6916115	70,9785874	43,34939482	0,421660336	0,260950689	0,159372775	41,69332223	0,98200466	0,631247368	0
546	0,394599876	64	0,177158073	0,36972213	0,530161189	1001	0,44699488	0,310721969	0	2,495923985	0,117216117	3,590858868	146,8282391	55,0607394	12,58565412	0,268916189	0,100843845	0,023050649	10,91933199	0,936696626	0,117029671	0
244	1,074058675	25	0,235851683	0,596487711	1,334778196	25	1,196668112	1,361987985	0	7,852926569	0,102459016	4,36783861	111,3505487	86,19007876	136,5717618	0,456354708	0,353238028	0,559720335	135,7702666	0,985218649	0,764540219	0,366233814
52	1,161852691	24	0	0,123321851	1,568773904	77	2,157726427	1,906971871	0	7,208895775	0,461538462	1,006938999	27,19468219	32,43701892	73,6704747	0,522974658	0,623788825	1,416739898	72,28212048	0,985897795	0,947515028	0,61478929
90	1,23034581	9	0,227826125	0,766491815	1,837348529	302	1,3670509	1,245252539	0	5,219600301	0,1	1,845518715	41,35400466	26,92655517	17,49752239	0,459488941	0,299183946	0,194416915	17,0769222	0,987180651	0,857925407	0,356390135
350	0,864134061	57	0,151687149	0,612646891	1,349967909	3994	1,032242053	0,864087166	0	4,24727666	0,162857143	5,040782024	143,989463	90,53372092	67,41802796	0,411398466	0,258667774	0,192622937	65,16618064	0,976393613	0,759675191	0,139724576
121	1,176448093	15	0,164131339	0,354358858	1,346760449	34	1,342926597	1,660440253	0	6,469548202	0,123966942	2,372503654	57,16352754	42,10539026	44,40315023	0,472425847	0,347978432	0,366968184	43,43559226	0,97467876	0,823608314	0,642954611
113	3,174848484	5	1,189025192	2,309518296	4,082735854	179	3,321832211	3,204246697	0	19,98466881	0,044247788	5,979297979	92,13680503	115,9264457	493,17464	0,815369956	1,025897749	4,364377345	492,957339	0,998704211	0,97296539	0,702422005
35	1,74965532	23	0	0	0,19340639	204	5,103161351	4,414414083	0	19,09294734	0,657142857	1,02063227	22,77575092	49,88575479	363,8452599	0,650735741	1,42530728	10,39557885	357,6996302	0,988523116	0,988523116	0,922182777
55	1,301290661	17	0	0,813939661	2,368468647	115	1,88344701	1,477275369	0	5,757504199	0,309090909	1,192849773	26,5373357	23,90850008	28,83299553	0,482497013	0,434700001	0,524236282	28,5350139	0,993926204	0,918166613	0,31881144
317	1,222084287	49	0,269043303	0,956771479	1,858467483	948	1,445525071	1,069020118	0	5,033442709	0,154574132	6,456678652	132,5144896	86,23309133	60,81571733	0,418026781	0,272028679	0,191847689	60,18023693	0,993795713	0,830985118	0,222225106
127	1,616909826	1	0,594799831	1,35041923	2,503179272	139	1,629742444	1,271283972	0	6,731081876	0,007874016	3,422459131	55,61061908	36,37132785	34,79405052	0,43787889	0,286388408	0,273968902	34,62037434	0,993039977	0,874116237	0,324922589
444	0,480524502	166	0	0,213815792	0,851192744	878	0,767456399	0,56899961	0	2,691504553	0,373873874	3,555881315	95,74875387	41,09611058	11,83966275	0,215650347	0,092558808	0,026665907	11,185473	0,967286589	0,590186205	0
158	0,508291446	44	0	0,237268337	0,697276937	25	0,70447411	0,664195586	0	3,338337972	0,278481013	1,338500809	53,03109623	30,5639374	16,80180149	0,33563985	0,193442642	0,106340516	15,50608821	0,951799062	0,603694272	0,079572724
16	7,047472672	0	0,680748496	1,15447003	4,230858394	23	7,047472672	12,98747078	0,12868338	41,63959571	0	1,879326046	25,2158543	84,87881777	1847,182914	1,575990894	5,30492611	115,4489321	1846,788613	0,990658758	0,956826561	0,908290496
222	0,602103953	40	0,175059828	0,391602887	0,882891639	436	0,734434492	0,623769137	0	3,036803097	0,18018018	2,227784625	66,89445272	33,33463259	14,88114068	0,301326364	0,150156003	0,067032165	14,16312251	0,971514676	0,523205994	0,022719155
153	1,158537005	15	0,286495271	0,849636018	1,604865508	51	1,284464941	1,145893361	0	5,5325519	0,098039216	2,954269363	74,70141359	55,55332146	61,27215055	0,488244533	0,363093604	0,400471572	60,60755592	0,991165221	0,820018816	0,290377807
58	1,670848656	9	0,153198043	0,875654876	1,939256142	1824	1,977739226	2,612947329	0	13,55512113	0,155172414	1,615153701	30,14014861	35,14467544	155,8895298	0,519657735	0,60594268	2,687750515	155,709973	0,985607916	0,90421867	0,636222027
117	0,755038581	25	0,128802571	0,322580138	0,967658438	102	0,960212109	1,039115364	0	5,562392293	0,213675214	1,472325233	53,4136484	45,25116346	78,70666709	0,456526909	0,386762081	0,672706556	77,46560576	0,974663701	0,722650628	0,241512785
386	0,938999903	122	0	0,278315511	1,654807471	68	1,372931677	1,190359463	0	6,245186642	0,316062176	6,040899378	126,7505289	81,96632621	65,52990106	0,328369246	0,212347995	0,169766583	64,63736177	0,982940821	0,893498176	0,295126516
434	2,617166926	58	0,22053785	0,589813839	2,818873515	142	3,020878845	5,002446651	0	46,87644172	0,133640553	18,93084076	232,8759413	303,8376283	1742,824637	0,53658051	0,700086701	4,015724969	1742,20229	0,994500952	0,945524512	0,786216252
215	0,533014119	21	0,240945711	0,448019694	0,759728836	29	0,590711524	0,404181966	0	2,109779108	0,097674419	1,909967261	50,17980974	16,43002139	2,984119368	0,233394464	0,076418704	0,013879625	2,736532936	0,965956253	0,308999151	0
53	1,333185044	12	0,113436778	0,583915451	2,059943128	24	1,723385544	1,901859171	0	10,80533861	0,226415094	1,177646789	34,27803996	42,6485663	143,3882091	0,646755471	0,80468993	2,705437908	142,2660006	0,987927731	0,852266119	0,546096228
90	2,802735686	29	0	0,214548914	3,10852732	32	4,1351838	5,438971962	0	26,80134985	0,322222222	4,20410353	55,31430552	82,07135994	409,3327309	0,614603395	0,911903999	4,548141454	408,8994411	0,990929149	0,970516957	0,885360649
7	18,46994983	0	4,295363211	26,37268266	28,79712572	24	18,46994983	14,14128523	0,218690363	34,63835879	0	2,15482748	19,57829464	71,72040474	1235,587678	2,796899234	10,24577211	176,5125254	1234,283502	0,977048186	0,97535671	0,97535671
33	2,761196175	5	0,240306731	2,68213161	4,572648228	224	3,254266921	2,322808278	0	7,475083379	0,151515152	1,518657896	29,01429304	37,16533684	81,16905127	0,879221001	1,126222329	2,45966822	80,32519604	0,998024896	0,97700751	0,858575939
195	1,60196296	0	0,564886024	1,028634597	1,980624586	418	1,60196296	1,918775197	0,107195112	16,23351395	0	5,206379622	106,4214666	101,5313348	330,2866873	0,545751111	0,520673512	1,693777883	330,0479797	0,990818008	0,8431961	0,402723466
587	1,40727013	101	0,209443705	0,719934851	1,924880641	535	1,699727502	1,757262809	0	8,554389789	0,172061329	13,76779277	260,8552807	194,4244734	206,8615622	0,44438719	0,331217161	0,352404706	204,856366	0,992547591	0,857094112	0,519443517
101	4,947586215	0	1,363866083	2,213902773	3,548995783	24	4,947586215	8,547695403	0,128817586	47,46413262	0	8,328436795	96,33983265	167,804392	1468,712771	0,953859729	1,661429624	14,5417106	1468,650689	0,999742213	0,97888812	0,771575482
80	2,719719597	0	0,678515918	2,51237854	4,075081549	39	2,719719597	2,315764192	0,176468473	10,32038091	0	3,626292795	58,38225678	60,56819478	111,9665021	0,72977821	0,757102435	1,399581277	111,8165361	0,996517718	0,924754391	0,808949022
37	1,920189071	1	0,741296288	1,151315427	2,793739807	822	1,973527656	1,837590003	0	8,150780547	0,027027027	1,184116594	28,37393988	28,51010955	49,23436596	0,76686324	0,770543501	1,33065854	48,84918952	0,995721876	0,869806312	0,532894637
342	0,193703699	135	0	0,158214713	0,320106194	1718	0,320032198	0,199991973	0	0,76905822	0,394736842	1,104111084	52,28167482	15,13334244	1,759927796	0,152870394	0,044249539	0,005145988	0,788701573	0,876585443	0	0
115	5,709060011	32	0	1,770839321	7,688357653	29	7,910143389	10,02350748	0	63,67102152	0,27826087	10,94236502	126,2723489	278,228953	3420,256518	1,098020425	2,4193822	29,74136102	3418,72677	0,997847088	0,986365796	0,946603499
42	1,949015334	5	0,145914515	0,472022383	2,838995839	171	2,212395785	3,312112834	0	15,09881253	0,119047619	1,364310734	30,94425972	48,84514488	322,4794109	0,736768089	1,16297964	7,678081212	322,3475844	0,984081418	0,941044145	0,711790046
287	0,458397256	39	0,273144682	0,445206939	0,63751461	2306	0,530483922	0,300620859	0	1,495804434	0,135888502	2,192666876	69,87229549	24,5754719	4,711681645	0,243457476	0,085628822	0,016417009	4,376681905	0,982436929	0,134820136	0
47	2,001827427	2	0,398744446	0,996801852	3,274420517	97	2,090797535	2,204203236	0	8,731959309	0,042553191	1,568098151	41,63730739	53,03485737	140,0463534	0,885900157	1,128401221	2,979709646	139,234289	0,990774299	0,881343756	0,680442912
105	2,62773668	34	0	0,805834903	2,378075494	724	3,886089457	4,497080001	0	20,99588316	0,323809524	4,59853919	88,09024205	159,9404934	975,4289021	0,838954686	1,523242794	9,289799067	974,4445408	0,998715235	0,955768405	0,790844911
23	3,372884832	1	0,22805853	1,625038449	4,823303702	48	3,526197779	3,853640915	0	11,69744917	0,043478261	1,292939186	22,78461527	31,48458016	90,88077504	0,990635446	1,368894789	3,951338045	89,98679778	0,993951597	0,958482246	0,889892711
62	3,258368404	0	0,550424705	2,657177282	4,555802425	956	3,258368404	3,462240539	0,120204536	14,47576939	0	3,366980684	49,18719547	66,97477721	303,5998227	0,793341862	1,080238342	4,896771333	303,5559204	0,997840197	0,934971097	0,846533141
215	1,265254242	48	0,105827369	0,798523326	2,107137557	1960	1,628920132	1,476354269	0	6,914494399	0,223255814	4,533827702	93,40040033	69,11734745	80,26730409	0,434420467	0,321476035	0,373336298	79,40481173	0,985938825	0,893036171	0,456107782
290	0,412604525	92	0	0,228964668	0,576640887	655	0,604319759	0,533869262	0	3,35005103	0,317241379	1,994255204	79,71899321	41,60855638	27,17853871	0,27489308	0,143477781	0,093719099	24,98465168	0,945237462	0,452011419	0,027997512
36	2,051444283	2	0,445247114	1,75453603	3,708201309	46	2,172117476	1,69825842	0	5,563796463	0,055555556	1,23086657	26,69406138	25,29621323	34,81812726	0,741501705	0,70267259	0,967170202	34,30489533	0,993056848	0,930178799	0,712713627
314	0,524033321	141	0	0,123874747	0,358350032	43	0,951135623	1,412063758	0	11,9466595	0,449044586	2,742441048	98,31002431	86,65556185	210,9102065	0,313089249	0,275973127	0,671688556	206,6046498	0,94410703	0,722171486	0,510260689
147	5,502744174	22	0,433752619	2,188164702	4,881805127	2180	6,471227148	10,85679557	0	61,77016412	0,149659864	13,48172323	135,4347397	284,384361	4194,723978	0,92132476	1,93458749	28,53553727	4194,206464	0,998542962	0,982134013	0,913241283
336	0,663740622	57	0,168725597	0,466630956	0,884929063	48	0,799343545	0,77113791	0	5,320496441	0,169642857	3,716947486	91,84784089	40,58361456	18,05180298	0,273356669	0,120784567	0,053725604	17,45766628	0,977093812	0,562354546	0,133833933
30	2,17935462	11	0	0,534853003	1,109697575	1645	3,441086242	4,431991799	0	19,33844085	0,366666667	1,08967731	20,38249104	39,0750808	256,9425125	0,679416368	1,302502693	8,564750416	256,6713973	0,982669988	0,910230184	0,854507391
19	6,511679526	0	1,458698954	6,17908851	8,413456754	56	6,511679526	5,323570802	0,207865802	22,3166519	0	2,06203185	30,68279726	67,06269754	484,2750896	1,614884066	3,52961566	25,48816261	484,0993686	0,998319895	0,985323747	0,9491005
18	12,61053715	0	3,383633983	6,846281497	10,32919066	31	12,61053715	17,09334077	0,382224346	63,59148655	0	3,783161144	43,60997995	169,3378409	5346,757386	2,422776664	9,407657825	297,042077	5346,757386	0,998316116	0,990444319	0,980533031
305	0,814622984	61	0,134875024	0,359295577	0,914581027	46	1,01827873	1,521881656	0	10,55749016	0,2	4,141000169	102,335219	63,39190328	70,40310484	0,335525308	0,207842306	0,230829852	68,92737861	0,975879304	0,692363672	0,39309958
372	0,395302685	144	0	0,169160892	0,418950814	349	0,644967539	0,625358226	0	3,27678946	0,387096774	2,450876647	76,68182654	33,95288246	14,91907801	0,206133942	0,091271189	0,040105048	13,94702287	0,930066146	0,604872956	0,043942703
39	3,66378181	6	0,208207414	1,280674728	4,350820326	7777	4,329923957	4,790802969	0	16,19536652	0,153846154	2,381458177	35,00007959	52,85552659	229,6731512	0,897437938	1,355269913	5,889055158	228,325284	0,995838317	0,971722259	0,880588835
162	1,07889045	31	0,240724697	1,071890638	1,63383038	22	1,334200404	0,873466674	0	2,921941846	0,191358025	2,913004214	51,45716048	24,45972205	8,013716394	0,317636793	0,150985939	0,049467385	7,830545534	0,992602329	0,865338051	0
21	9,014594394	0	0,780109033	3,946414856	10,20197969	25	9,014594394	12,51878821	0,13265674	36,74911011	0	3,155108038	32,28675397	81,96360896	1228,632722	1,537464475	3,903028998	58,5063201	1228,427316	0,99791251	0,987396622	0,961256848
29	2,173785892	0	0,656446509	1,104695405	2,154269289	194	2,173785892	2,714808278	0,183730231	9,884234822	0	1,050663181	23,12578632	31,16964726	150,112319	0,797440908	1,074815423	5,176286864	149,9106197	0,992273411	0,886285356	0,526593855
43	1,838085234	5	0,193793655	0,448700641	1,659953201	22	2,079938555	3,748834162	0	20,40000516	0,11627907	1,317294418	41,55750893	81,07294417	816,9824412	0,966453696	1,885417306	18,99959165	815,7737676	0,989001886	0,880477819	0,727117757
27	4,605472949	3	0,296082863	0,641651519	2,420879488	22	5,181157068	9,716516844	0	40,86415011	0,111111111	2,072462827	30,94206192	83,38527848	1431,074913	1,146002293	3,088343647	53,00277455	1430,924086	0,998044684	0,937527009	0,892070399
22	5,449701986	2	0,652665793	1,674840798	7,596248808	4097	5,994672184	8,741790794	0	32,24591884	0,090909091	1,998224061	30,72140331	95,75981327	1567,934436	1,396427423	4,352718785	71,2697471	1567,639638	0,962049905	0,938278678	0,837031429
129	1,408419808	0	0,668198078	0,928635319	1,487883939	123	1,408419808	1,632393059	0,133369642	12,31973002	0	3,028102587	72,6937544	68,74621985	189,557362	0,563517476	0,532916433	1,469436915	189,4042004	0,995388094	0,754180965	0,313694567
164	0,578221453	15	0,234939943	0,509568179	0,77057501	197	0,636431666	0,449029915	0	2,018929551	0,091463415	1,58047197	48,54530781	20,57369131	6,266280087	0,296007974	0,125449337	0,038209025	5,918457166	0,966726056	0,336974108	0
57	1,168380263	13	0,114268756	0,571581843	1,792124739	35	1,513583522	1,392462068	0	6,066811137	0,228070175	1,10996125	27,92237005	24,20852741	37,68941386	0,489866141	0,424711007	0,661217787	37,38767701	0,984018488	0,870126677	0,426390957
22	5,597881942	1	0,432532197	2,055687207	8,369988034	186	5,864447749	7,131595069	0	24,64246598	0,045454545	2,052556712	30,2354683	62,96494891	470,9224749	1,374339468	2,862043132	21,40556704	470,759861	0,995822656	0,978371347	0,92127366
163	0,631375278	30	0,148577337	0,504407167	0,981924123	103	0,773790755	0,587378441	0	2,570097718	0,18404908	1,715236173	65,22493722	37,02470796	17,41270016	0,400152989	0,227145448	0,106826381	15,85000585	0,977627295	0,577803339	0
52	1,187969845	32	0	0	0,301448421	167	3,088721598	2,633457373	0	10,94045238	0,615384615	1,029573866	21,34157495	35,57851446	176,7468898	0,410414903	0,684202201	3,398978649	175,6106101	0,990870623	0,961336187	0,876968149
337	1,658352863	44	0,308028037	1,085781027	2,067350446	387	1,907388788	2,058270604	0	12,14703976	0,130563798	9,314415249	191,7705266	167,3230031	235,9294711	0,569052008	0,496507428	0,700087451	234,5532373	0,993948159	0,900404611	0,505213731
282	0,647536811	130	0	0,130165507	0,65314647	653	1,201351189	1,322932095	0	9,108810414	0,460992908	3,043423011	103,2894001	86,040531	114,7285149	0,366274469	0,305108266	0,406838705	110,3180989	0,970396619	0,791731161	0,496253856
322	0,720799026	61	0,206434859	0,560244754	1,062573124	30	0,889261634	0,686668751	0	3,531924152	0,189440994	3,868288106	116,1854917	66,86793574	35,95641337	0,360824508	0,207664397	0,11166588	35,26943927	0,98883734	0,613393357	0,029369936
52	2,48334353	14	0	0,618528248	3,009953826	2948	3,398259567	4,516085357	0	20,65258635	0,269230769	2,152231059	39,1516626	58,84404548	316,809043	0,752916589	1,131616259	6,092481597	315,9975749	0,991535831	0,967119872	0,797128774
108	0,593970899	49	0	0,12882593	0,977011595	97	1,087268765	0,877053416	0	3,127118706	0,453703704	1,069147619	42,20308233	33,44072863	32,36999752	0,390769281	0,309636376	0,299722199	30,36188788	0,966353417	0,788844597	0,048747848
57	1,197280083	23	0	0,147309637	2,08156253	24	2,007204845	1,757742255	0	7,648404526	0,403508772	1,137416079	31,40386985	35,82067212	83,66275341	0,550945085	0,628432844	1,467767604	81,56994287	0,978145714	0,956058341	0,648887
97	1,065492337	28	0	0,615746477	1,862984388	20	1,497866039	1,14705787	0	5,809099278	0,288659794	1,722545945	56,15612746	50,91919775	61,50828287	0,578929149	0,524940183	0,634106009	58,61745759	0,990585383	0,896339562	0,164670569
57	1,607710629	0	0,552276105	1,156352374	2,045529039	38	1,607710629	1,471902795	0,172443192	6,538110065	0	1,527325098	38,58606024	36,1909587	52,02910437	0,676948425	0,6349291	0,912791305	51,52204132	0,98973446	0,857889177	0,401949126
126	1,923201076	8	0,914972922	1,742303766	2,378970251	29	2,05358759	1,593291429	0	10,00895046	0,063492063	4,03872226	96,85333975	104,5715956	237,2374954	0,7686773	0,829933299	1,882837265	232,4239562	0,994347535	0,947271399	0,33494607
147	1,507782155	11	0,467892196	1,378258665	2,187515098	103	1,629735124	1,232543244	0	7,298132857	0,074829932	3,69406628	87,42347484	71,63890095	81,21942304	0,594717516	0,487339462	0,552513082	80,30312006	0,994289009	0,902650097	0,268668769
86	1,893524346	0	0,971301507	1,307705752	1,898961437	1350	1,893524346	1,589105167	0,173515976	7,088352091	0	2,714051562	53,26860341	46,00978815	68,89183921	0,619402365	0,534997537	0,801067898	68,79348946	0,995733204	0,915263089	0,494525739
395	0,360642679	92	0,106059067	0,28837867	0,520640118	1681	0,470144747	0,350740484	0	1,927197064	0,232911392	2,37423097	89,23033094	32,57251874	7,563677505	0,225899572	0,082462073	0,019148551	6,281921182	0,933903789	0,226456306	0
340	0,525692489	143	0	0,13570003	0,788848773	2084	0,907286529	0,768540408	0	3,855873338	0,420588235	2,978924102	92,51262391	53,98182694	30,80862266	0,272095953	0,158770079	0,090613596	28,39326793	0,961577892	0,770507473	0,074690164
112	4,546924707	14	0,377301194	1,500361463	3,523762875	90	5,196485379	10,74526317	0	75,80688658	0,125	8,487592786	113,630917	263,1300596	5702,20861	1,014561759	2,349375532	50,91257688	5701,108835	0,99859545	0,97252969	0,857382349
48	2,224661376	2	0,622406877	1,733364543	3,506651693	288	2,321385784	2,084962695	0	8,749570609	0,041666667	1,779729101	33,59724386	36,77267206	84,65662913	0,69994258	0,766097335	1,763679774	84,22982218	0,976017903	0,940823565	0,624345535
79	3,502797474	1	0,407266046	1,680658454	4,011515129	86	3,547705134	4,902079892	0	22,87282389	0,012658228	4,612016674	74,71696902	129,0709218	885,7356768	0,945784418	1,633809137	11,21184401	885,4497191	0,99661589	0,953072679	0,826849648
74	1,494604164	1	0,665151279	1,267294286	2,196113043	277	1,515078194	1,064330686	0	3,844067677	0,013513514	1,843345136	41,50582665	31,01224371	32,35996208	0,560889549	0,419084374	0,437296785	31,96893792	0,995007832	0,847083913	0,31246544
84	5,434229962	2	1,488278228	2,537772309	7,100111931	267	5,566772156	6,249741785	0	24,99245535	0,023809524	7,607921947	93,95695104	171,1672161	1251,1246	1,118535131	2,037704954	14,89434048	1246,842752	0,998471536	0,991339855	0,852344997
172	2,081226239	11	0,727860407	1,642343009	3,214397593	29	2,22342182	1,661884362	0	6,898510201	0,063953488	5,966181884	111,8522123	94,66991664	99,13815598	0,65030356	0,550406492	0,576384628	98,08340701	0,996590745	0,926865722	0,558957268
41	6,67397378	1	0,741207355	1,654598267	4,697346074	55	6,840823124	11,81733633	0	49,97541449	0,024390244	4,560548749	60,71036827	147,9363338	1621,866158	1,48074069	3,608203262	39,55771116	1621,179042	0,997400956	0,979560296	0,878817791
462	1,18584637	7	0,733808367	1,188939478	1,550671528	894	1,204090161	0,657536041	0	3,292829989	0,015151515	9,131017051	193,1774577	104,3827226	48,01830679	0,418133025	0,225936629	0,103935729	46,81113903	0,994233094	0,821900116	0,023206976
159	1,025124221	42	0	0,38022562	1,016519831	174	1,393117531	1,697581274	0	9,34557032	0,264150943	2,716579186	73,70930548	71,32905728	154,2639993	0,463580538	0,448610423	0,970213832	153,1441238	0,981802219	0,8009719	0,51315955
88	3,553258866	14	0,281214305	1,407429957	3,774204697	48	4,22549703	5,745273486	0	27,3398725	0,159090909	5,211446336	80,34050814	143,5740082	1042,722336	0,91296032	1,631522821	11,84911746	1041,961083	0,997650186	0,967871487	0,836349324
122	1,22286084	7	0,36591648	0,92275102	1,933039626	24	1,297295847	1,047290149	0	4,253099855	0,057377049	2,486483707	59,05593764	38,32511688	24,09041192	0,484065063	0,314140302	0,197462393	23,64098022	0,988041581	0,771328816	0,217216575
467	0,459450989	186	0	0,147575841	0,493557613	471	0,763571572	0,845511813	0	6,68172989	0,398286938	3,576060198	97,00606708	50,0452649	34,12036401	0,207721771	0,107163308	0,073062878	33,3369542	0,946908904	0,634106255	0,230332008
218	0,338281887	42	0,125971077	0,250881138	0,437501076	1826	0,419008246	0,337031656	0	1,644630071	0,19266055	1,229090855	51,7912513	18,7038782	3,687640132	0,237574547	0,085797606	0,01691578	2,736417869	0,907075174	0,254477824	0
59	1,328886999	0	0,465529604	0,886863225	1,850194	26	1,328886999	1,260842235	0,12466326	6,037627331	0	1,306738883	38,93204053	36,63167968	57,89644182	0,659865094	0,620875927	0,981295624	57,13079825	0,993983413	0,761968193	0,323685477
219	0,53140668	49	0,125869782	0,404461286	0,710680312	863	0,684576841	0,556666015	0	2,5397757	0,223744292	1,939634383	64,14183075	29,15632098	8,968723815	0,292885072	0,133133886	0,040953077	8,009050912	0,969239263	0,531443713	0
42	7,352717777	1	0,74352823	4,518572796	9,00772135	22	7,532052357	8,630171261	0	37,89491608	0,023809524	5,146902444	56,59223206	123,9884781	1145,691362	1,347434097	2,952106621	27,27836576	1145,551103	0,998550783	0,9872799	0,961742382
294	0,47087263	79	0	0,24324456	0,610974796	566	0,643890945	0,623189489	0	3,799849471	0,268707483	2,307275887	88,15883377	45,15966275	22,95181849	0,299859979	0,153604295	0,07806741	20,86531588	0,950744536	0,528327576	0,052262649
61	1,847799308	25	0	0,19475745	0,635224751	37	3,130993271	5,561705964	0	36,21226939	0,409836066	1,878595963	41,38517997	96,06367207	1314,260633	0,678445573	1,574814296	21,54525628	1312,920679	0,988216057	0,878426496	0,8651092
49	4,534394877	10	0,108811008	1,325222119	2,437926727	263	5,697060231	8,978605891	0	40,08432393	0,204081633	3,70308915	51,66112975	129,0599706	1774,891322	1,05430877	2,633876951	36,22227188	1774,621454	0,997766323	0,977542754	0,836399041
115	3,285400815	4	0,49344043	3,181054797	5,497544328	43	3,403793637	2,743195116	0	10,29800238	0,034782609	6,297018228	82,75629649	82,0563489	133,4881495	0,719619969	0,713533469	1,160766517	132,9851759	0,996642033	0,963579844	0,886320285
50	6,937835291	3	0,560839106	2,867973002	4,826176468	703	7,380675841	16,66442224	0	88,05969563	0,06	5,781529409	62,94411302	212,4140678	9805,457983	1,25888226	4,248281357	196,1091597	9805,219811	0,997444984	0,981243314	0,942119506
402	0,827159098	50	0,221818949	0,523837581	1,139455184	7261	0,944653289	0,885480038	0	5,880399033	0,124378109	5,54196596	145,5382782	81,92475748	48,17918089	0,362035518	0,203792929	0,119848709	46,77978085	0,981308479	0,676671887	0,099231091
240	0,287177773	64	0	0,241507991	0,483045599	2766	0,391606054	0,255565362	0	1,080715016	0,266666667	1,14871109	49,55178215	16,6265834	3,001747422	0,206465759	0,069277431	0,012507281	2,218934307	0,914364509	0,030307573	0
267	0,236317196	92	0	0,190976008	0,337445881	66	0,360552522	0,290961676	0	1,909616583	0,344569288	1,051611523	55,43455948	20,81878002	4,777059558	0,207620073	0,077972959	0,017891609	2,988933387	0,894533275	0,149854378	0
192	0,422331235	24	0,177853174	0,353955419	0,610996388	52	0,482664268	0,336809046	0	1,93083603	0,125	1,351459951	51,68981814	19,8123866	4,886010889	0,269217803	0,103189514	0,025447973	4,472200399	0,938885661	0,188031435	0
187	0,767215906	47	0,025777956	0,495173113	1,065700347	415	1,024781246	0,876234511	0	4,186020939	0,251336898	2,391156241	77,56108297	57,82889952	62,02420849	0,41476515	0,309245452	0,331680259	60,39384668	0,985407661	0,690746902	0,142946923
158	0,534871862	49	0	0,204186872	0,672234534	20	0,775318846	0,846450782	0	4,255817926	0,310126582	1,408495903	41,77011662	21,67489279	12,76548415	0,264367827	0,137182866	0,080794204	12,05378016	0,954702748	0,661371949	0,273215627
341	0,40428263	94	0	0,246984879	0,45893543	243	0,558139177	0,597552414	0	3,706326849	0,275659824	2,297672945	99,83546139	51,29430175	29,65422457	0,292772614	0,150423172	0,086962535	26,45674415	0,942901538	0,432952249	0,09806624
256	0,817760094	36	0,28504756	0,790675576	1,119523822	766	0,951575383	0,705987012	0	4,902849728	0,140625	3,489109736	103,6623476	63,94215035	49,03269117	0,404931045	0,249774025	0,19153395	48,26525896	0,98917752	0,627405135	0,060127237
47	5,802730534	2	1,276068764	2,608793647	5,966612091	110	6,060629668	10,11891905	0	59,99812043	0,042553191	4,545472251	68,60908729	181,5966241	3398,278238	1,459767815	3,863757959	72,3037923	3397,891354	0,998626575	0,98578587	0,86419797
64	2,005270121	13	0,122064733	0,45798262	2,164182727	138	2,516417407	3,699420254	0	20,21774283	0,203125	2,138954796	52,42330586	89,37374777	661,5614022	0,819114154	1,396464809	10,33689691	658,5499992	0,977230431	0,900516156	0,799408858
45	3,530528876	5	0,437337881	1,029830338	2,568443446	110	3,971844986	8,342528921	0	50,51123723	0,111111111	2,647896657	46,61105055	127,5621576	2703,552329	1,035801123	2,834714614	60,07894065	2703,193514	0,996474266	0,947717631	0,806410274
75	1,02102372	16	0,161443906	0,412652444	1,209646113	675	1,297911508	1,59092096	0	9,02295109	0,213333333	1,276279649	32,2086037	26,58450957	48,08784567	0,429448049	0,354460128	0,641171276	47,72218	0,984168736	0,785143631	0,470297707
20	4,820075263	0	1,288676586	2,074989026	4,782895964	323	4,820075263	6,733904385	0,145281638	23,30233912	0	1,606691754	23,4994403	51,54885547	554,7297179	1,174972015	2,577442774	27,7364859	554,6261657	0,996633637	0,982997385	0,836740184
188	1,320498832	43	0,124962762	0,458261417	2,088232732	621	1,712095037	1,847144486	0	10,54092553	0,228723404	4,137563007	95,35498263	83,24441552	120,7176851	0,507207354	0,442789444	0,642115346	117,5806284	0,988714056	0,89171769	0,543684631
1410	0,403131524	338	0,104879088	0,287982552	0,621214564	1454	0,530238292	0,411945813	0	2,447228709	0,239716312	9,473590822	310,783959	115,2186974	29,48392382	0,220414155	0,081715388	0,020910584	26,57000028	0,943142229	0,312936045	0
401	0,807032256	81	0,297570716	0,733049314	1,167238	1925	1,011312295	0,679000322	0	5,156803343	0,201995012	5,393665575	130,478039	66,80357386	39,54026996	0,325381643	0,166592454	0,098604164	39,25692151	0,996330549	0,652626439	0,03761729
178	0,479832309	25	0,195205567	0,399637592	0,688715113	3557	0,558236281	0,395556167	0	2,585684277	0,140449438	1,423502517	52,76310906	24,15695946	11,05049757	0,296421961	0,135713255	0,062081447	10,6736984	0,961828258	0,269626856	0
74	0,831597366	21	0	0,718239774	1,349266453	668	1,161098209	0,797176408	0	2,576243789	0,283783784	1,025636751	29,44483099	19,54238896	11,92176932	0,397903122	0,264086337	0,161104991	11,44736724	0,986819369	0,789038668	0
466	0,853267147	2	0,559369563	0,858616359	1,142350243	608	0,856945023	0,399650933	0	2,236854719	0,004291845	6,62704151	159,6245238	68,22107283	18,68313154	0,342541896	0,146397152	0,040092557	18,35440699	0,990467511	0,547274147	0
276	0,582219648	84	0	0,172414378	0,608523096	1562	0,836940743	0,967175829	0	5,149730452	0,304347826	2,678210379	93,92854449	57,49821887	43,16898248	0,340320813	0,20832688	0,156409357	40,68946254	0,943326892	0,720060619	0,250357992
101	0,975266497	14	0,178541177	0,514952459	0,814788987	88	1,132205934	2,167213611	0	17,66659374	0,138613861	1,641698604	55,14854136	68,0519328	428,3926402	0,546025162	0,673781513	4,241511289	425,3392717	0,974393354	0,678845124	0,463442221
90	0,795723119	35	0	0,1985504	0,502792235	139	1,302092376	2,498268111	0	18,07400289	0,388888889	1,193584678	35,22854282	44,50251785	256,5704928	0,391428254	0,494472421	2,850783253	255,5443953	0,961203594	0,765476579	0,647629326
122	1,484193176	11	0,372186541	0,914210399	2,531764687	1218	1,631275383	1,453658383	0	6,378752989	0,090163934	3,017859459	65,33619217	50,6043995	51,89280562	0,535542559	0,41479016	0,425350866	51,24823576	0,993659444	0,849849292	0,484592332
79	1,484148641	9	0,282953341	1,345780247	2,587576857	27	1,674967752	1,287764117	0	4,422752192	0,113924051	1,954129044	38,60792951	28,40471366	23,86998883	0,488707968	0,359553337	0,302151757	23,61983712	0,989607878	0,913114185	0,392086835
41	1,498891352	0	0,354883412	0,872843158	1,959485433	173	1,498891352	1,6181663	0,150750085	6,109008655	0	1,024242424	19,55479316	12,96714015	9,124438226	0,476946175	0,316271711	0,222547274	9,054724987	0,924310607	0,78020217	0,514396734
97	0,833244314	21	0,169677651	0,425242167	0,814299109	379	1,063482875	1,329602179	0	6,826683597	0,216494845	1,347078308	44,35359151	38,34889236	66,99852112	0,457253521	0,395349406	0,690706403	66,15055069	0,984719786	0,640807764	0,431583438
111	1,034315984	40	0	0,254821113	1,337596889	382	1,617029214	1,710585424	0	10,67391246	0,36036036	1,91348457	57,47872533	64,75337856	203,2113087	0,517826354	0,583363771	1,830732511	200,8152715	0,984467035	0,880727031	0,513784764
178	0,805898947	34	0,226008931	0,773638889	1,24650112	492	0,996180643	0,632612497	0	2,487811171	0,191011236	2,390833543	58,91423437	29,05828313	9,79487212	0,330978845	0,163248782	0,055027371	9,192154068	0,98811787	0,671602308	0
163	0,476184809	54	0	0,240965385	0,621522173	1641	0,71209288	0,668399906	0	3,803437273	0,331288344	1,293635398	41,8550247	20,5764637	9,168866742	0,256779293	0,126235974	0,056250716	8,608127772	0,964303973	0,596721673	0,049001922
143	0,971918062	1	0,610956444	0,862218659	1,188592507	78	0,978762556	0,542575288	0	2,509866106	0,006993007	2,316404715	62,59226227	34,99230281	17,40139158	0,437708128	0,244701418	0,121688053	16,91700391	0,997854452	0,578940789	0
57	1,55298129	0	1,011476267	1,458984759	2,104357798	303	1,55298129	0,852334139	0,183567996	3,830558046	0	1,475332226	27,53949716	17,88326109	13,32074397	0,483149073	0,313741423	0,233697263	13,27483805	0,99583535	0,915481386	0,160288976
115	0,949321364	39	0	0,234133682	0,857413436	51	1,436473117	1,763781515	0	10,41752267	0,339130435	1,819532615	46,06557569	40,48649533	66,27247786	0,400570223	0,352056481	0,576282416	65,09596651	0,97643295	0,795252295	0,489685889
70	1,004744117	21	0	0,18036636	0,470106431	86	1,435348739	2,458395092	0	11,55953893	0,3	1,17220147	35,24824996	43,46693521	172,4250333	0,503546428	0,620956217	2,463214762	171,5472047	0,963945772	0,823826909	0,765099621
204	0,376596577	31	0,192259416	0,3602309	0,561132402	600	0,444079201	0,255131816	0	1,033053355	0,151960784	1,280428363	61,37094343	25,43225647	6,456213589	0,300837958	0,124667924	0,031648106	4,685683473	0,956364251	0,013446715	0
217	0,983507023	31	0,236298616	0,558470114	1,306881311	214	1,14742486	1,106741736	0	5,616618862	0,142857143	3,557017066	98,15387944	69,37196324	66,78487377	0,452322025	0,319686467	0,307764395	65,42932058	0,988623753	0,73195828	0,307264953
192	0,992007983	32	0,14590223	0,627129517	1,450529022	36	1,19040958	1,272297478	0	9,241268727	0,166666667	3,174425546	91,97590232	71,77869997	109,6429467	0,479041158	0,373847396	0,571057014	108,4453064	0,979817319	0,799174677	0,247795375
131	1,586895554	36	0	0,444195744	2,352125277	32	2,188245449	2,807641168	0	20,47203408	0,27480916	3,46472196	74,00340363	85,26974161	352,8582894	0,564911478	0,650914058	2,693574728	351,4468686	0,986809579	0,943542303	0,549917116
551	0,367907989	196	0	0,255846452	0,582423886	56	0,571034653	0,418262206	0	2,272093674	0,355716878	3,378621695	138,3007569	64,06555612	23,41383021	0,250999559	0,116271427	0,04249334	20,03842165	0,953325875	0,294218558	0
41	2,552462736	20	0	0,144982984	1,404066035	127	4,983379627	5,275212701	0	18,87839189	0,487804878	1,74418287	25,97945115	48,53532639	325,8752414	0,63364515	1,183788448	7,94817662	325,26559	0,994404775	0,969790006	0,911455243
9	8,290866399	0	1,20725186	3,194971084	8,744131172	37	8,290866399	13,083892	0,142734434	41,63340195	0	1,24362996	20,65738101	82,96164749	2283,720762	2,295264557	9,217960833	253,7467513	2282,294545	0,991714855	0,991714855	0,972266758
29	3,728992685	0	1,093822425	2,882826253	5,157131138	162	3,728992685	3,17161564	0,103457193	12,03817919	0	1,802346464	31,35882374	44,68317612	128,5435598	1,08133875	1,540799177	4,432536546	128,0865624	0,997427091	0,962441469	0,809588318
306	0,370899787	37	0,164277819	0,320757597	0,503770052	1224	0,421915743	0,324610128	0	3,412144585	0,120915033	1,891588915	74,21810872	27,22878862	11,56475779	0,242542839	0,088982969	0,037793326	10,92615347	0,926783164	0,127974488	0,030064184
44	2,202020953	9	0,118519155	0,28361828	1,033987793	29	2,768254912	4,978621419	0	24,73292773	0,204545455	1,614815365	34,2403131	62,49221997	486,6942672	0,778188934	1,420277726	11,06123335	485,3730198	0,984294185	0,916086848	0,853576886
211	1,093550435	4	0,453885609	1,05459206	1,599307714	3314	1,114681844	0,689979572	0	2,902406636	0,018957346	3,845652361	85,57050357	42,0456148	14,59094124	0,40554741	0,199268317	0,06915138	13,89964843	0,991860705	0,784084641	0
172	2,013784569	19	0,470725827	1,545289305	2,877217843	1034	2,263862392	2,130543009	0	11,18109341	0,110465116	5,772849099	102,387721	95,01509708	177,8700414	0,595277448	0,552413355	1,034128148	175,2006695	0,996073057	0,934666382	0,584026416
152	0,743828448	8	0,295080025	0,612063552	0,957702086	24	0,785152251	0,618037256	0	4,051109377	0,052631579	1,884365403	57,51683178	31,16231518	17,63180127	0,378400209	0,205015231	0,115998693	17,20445872	0,978467948	0,505860753	0,03583089
34	10,2887369	0	2,733606501	6,302810179	12,46444075	201	10,2887369	12,14648808	0,181560044	58,17653963	0	5,830284242	77,98687356	261,9989079	5564,211367	2,293731575	7,705850232	163,6532755	5563,838001	0,999480986	0,992296612	0,965391866
335	1,330689635	59	0,164821712	0,468150495	1,008922524	2887	1,615148652	2,862934258	0	28,63484978	0,176119403	7,429683798	142,3233653	152,3606193	1028,738423	0,424845866	0,454807819	3,070860964	1026,799365	0,988204411	0,809361358	0,667215595
341	0,85028392	37	0,16638853	0,815565832	1,367237618	415	0,953772424	0,685038678	0	2,561199623	0,108504399	4,832446946	97,85499287	41,76348605	12,23097854	0,286964788	0,122473566	0,035867972	11,9016687	0,968108991	0,757628784	0
106	0,89428314	0	0,355644226	0,786950901	1,431742875	235	0,89428314	0,563859364	0,112971495	2,655458267	0	1,579900214	39,8237412	19,64372272	7,445165805	0,375695672	0,185318139	0,070237413	7,357186648	0,972905896	0,694619637	0
730	0,841748819	165	0,119656937	0,459517227	1,274490285	371	1,087569271	0,980827521	0	5,369113793	0,226027397	10,2412773	248,0041821	143,4207932	88,07824984	0,339731756	0,19646684	0,120655137	86,02119315	0,975193479	0,763031381	0,193082191
126	1,449294064	3	0,927605483	1,350893001	1,809445732	235	1,484642699	0,801483727	0	3,785958734	0,023809524	3,043517533	64,2170392	41,91173002	27,05435503	0,509659041	0,332632778	0,214717103	26,93602213	0,995925512	0,879061139	0,145012178
172	0,624458789	42	0,116475119	0,395142783	0,951865504	235	0,826207013	0,648714972	0	2,577230631	0,244186047	1,790115196	66,25994669	42,29289063	26,70907428	0,385232248	0,245888899	0,155285316	25,62275583	0,975699742	0,620928581	0
76	1,198170482	21	0	0,200207411	0,312625795	756	1,655653756	4,160861248	0	26,44726719	0,276315789	1,51768261	34,17153065	60,3506454	752,5557658	0,449625403	0,794087439	9,90204955	751,8175042	0,971854198	0,855789803	0,81691171
330	0,622987693	71	0,117395592	0,307238988	0,802238662	55	0,793768102	0,834576549	0	5,745466214	0,215151515	3,426432309	106,2700548	59,05745724	49,27893123	0,322030469	0,178961992	0,149330095	47,34023978	0,962119228	0,663602237	0,159394431
192	0,677312866	13	0,204352608	0,405420418	1,044185957	363	0,726503186	0,664383319	0	3,208164382	0,067708333	2,167401173	62,8723109	29,56453257	11,47796897	0,327459953	0,15398194	0,059781088	11,04187858	0,961118723	0,62974898	0,024669824
61	2,38503684	25	0	0,637992723	2,201946691	38	4,041312423	4,208031799	0	20,94036035	0,409836066	2,424787454	36,77031721	54,9772317	285,875607	0,602792085	0,901266093	4,68648536	285,3830617	0,998770796	0,979167773	0,81252977
172	2,161533401	32	0,165488712	0,805603418	2,687668725	288	2,655598179	3,497070389	0	19,03158341	0,186046512	6,19639575	102,1580632	108,0344709	335,9207523	0,593942228	0,628107389	1,953027629	333,4464688	0,992902456	0,943089244	0,698270277
53	2,698573817	3	0,643174607	2,293448263	3,981363071	60	2,860488246	2,235020512	0	9,594564256	0,056603774	2,383740205	37,69510688	38,12757408	71,80327455	0,711228432	0,71938819	1,354778765	71,58436389	0,996227946	0,964389003	0,705504652
115	8,854592855	12	0,273860376	1,464376358	7,144743744	9078	9,886195906	17,4139263	0	93,58248596	0,104347826	16,97130297	141,9593094	390,0466227	7058,190064	1,234428778	3,391709763	61,37556577	7055,034299	0,998435571	0,985927485	0,956237928
122	1,790127191	2	0,522210214	0,988247386	2,944142746	249	1,819962644	1,724791095	0	7,262529903	0,016393443	3,639925288	83,05273428	79,72141031	147,6923287	0,680760117	0,653454183	1,210592858	145,291155	0,996034868	0,846643448	0,608990142
214	1,489240375	0	0,934160653	1,421065216	1,823043459	62	1,489240375	0,848478065	0,12945066	4,952138396	0	5,311624003	105,140574	64,67472369	40,79631113	0,491311094	0,302218335	0,190636968	40,7123773	0,998503941	0,87784106	0,146328745
46	2,933352549	1	0,371928024	1,774804373	5,136382888	5261	2,998538161	3,26158734	0	12,43030423	0,02173913	2,248903621	31,27741757	34,54128649	81,37680853	0,67994386	0,750897532	1,769061055	81,14803139	0,99584535	0,942076034	0,843713341
23	16,76546534	0	1,016317327	8,756719484	32,81956268	22	16,76546534	17,49458904	0,124249935	52,26659577	0	6,426761713	43,42214377	117,8652485	1347,471179	1,887919294	5,12457602	58,58570342	1347,424063	0,999326107	0,993089162	0,989260683
30	15,93947652	1	0,797578374	4,896056651	19,07657191	46	16,48911364	21,45168756	0	72,13346017	0,033333333	7,969738258	59,28742435	190,2420971	3867,762723	1,976247478	6,341403235	128,9254241	3867,283829	0,999168324	0,994727991	0,979933555
126	0,79185435	29	0,111823145	0,402112728	0,900332017	42	1,028594311	1,097191082	0	6,147283806	0,23015873	1,662894136	63,33426515	52,23200863	67,97767723	0,502652898	0,414539751	0,539505375	65,14631751	0,974733985	0,701686215	0,294510185
52	8,218657374	4	0,669545473	1,972198491	9,175060354	1755	8,903545488	13,89051976	0	61,85302057	0,076923077	7,122836391	94,16557664	318,9577796	7223,532894	1,810876474	6,133803455	138,9140941	7221,719334	0,999316421	0,982556401	0,93801115
51	9,785317005	0	0,785997809	2,325343615	17,49562631	206	9,785317005	12,07228309	0,110970929	46,71212219	0	8,317519454	68,60699332	159,4152149	1679,160018	1,345235163	3,125788528	32,92470623	1678,180438	0,99913201	0,983748546	0,931742846
65	1,113115061	3	0,350894938	0,954853563	1,655357444	719	1,166975467	0,862945151	0	3,407561774	0,046153846	1,205874649	32,44998363	21,89267193	16,70394793	0,499230517	0,336810337	0,256983814	16,3701938	0,982633044	0,792894788	0,047096683
86	1,907628232	5	0,238253261	0,548865204	2,595978938	221	2,025383061	2,724947661	0	10,92217632	0,058139535	2,734267133	39,71921557	31,4274166	53,07002059	0,461851344	0,365435077	0,617093263	52,81537031	0,988328768	0,893422661	0,756709679
331	0,642699078	69	0,19462709	0,453199159	0,876804321	484	0,811959522	0,673596369	0	3,451502259	0,208459215	3,545556578	100,2524372	53,34831681	29,07066081	0,302877454	0,161173163	0,08782677	28,48216048	0,988602561	0,565047437	0,046550184
71	1,494170359	17	0,133414728	0,484985831	1,765549969	24	1,964557324	2,664774778	0	17,60421774	0,23943662	1,768101592	49,60859857	72,66862389	406,9653885	0,698712656	1,023501745	5,731906881	404,6156515	0,989382372	0,885376838	0,610003774
29	10,69706939	0	1,283092035	3,764283492	14,87382104	8416	10,69706939	15,15868005	0,183496778	59,13184593	0	5,170250206	47,94954605	145,760568	3548,756364	1,653432622	5,026226483	122,3709091	3548,724111	0,999408485	0,984311117	0,950929649
18	3,733061687	0	0,367637265	0,934226047	7,266263719	780	3,733061687	5,082584006	0,120177685	14,68863559	0	1,119918506	16,37932725	28,04629097	135,3167546	0,909962625	1,558127276	7,517597476	135,2844652	0,998211511	0,946337429	0,879483756
225	1,222290294	38	0,187096024	0,484653392	2,13431772	1985	1,47067014	1,430321413	0	6,59456112	0,168888889	4,583588602	88,05606506	55,96438234	40,34692622	0,391360289	0,248730588	0,179319672	39,69633785	0,987351018	0,84454873	0,51361694
136	4,681508985	22	0,205209308	0,649635613	1,699436304	1276	5,584958087	9,89299729	0	51,57824314	0,161764706	10,61142037	104,1168066	183,3082299	1473,81535	0,765564754	1,347854631	10,83687757	1473,219605	0,997424528	0,946851624	0,903892904
35	4,46858687	2	0,393469194	1,218015037	9,210999448	1505	4,739410317	5,652320826	0	20,23184447	0,057142857	2,606675674	43,26362963	86,04967634	628,5029199	1,236103704	2,458562181	17,95722628	627,4755332	0,997316741	0,969100496	0,884273962
459	1,150295135	20	0,458803615	1,172430408	1,673883379	1101	1,202700381	0,783156386	0	4,527600102	0,043572985	8,799757785	170,5848297	84,08203098	34,68495185	0,371644509	0,183185253	0,075566344	34,11627205	0,989711962	0,832198785	0,08017431
339	0,859189038	15	0,339788038	0,758040933	1,236340422	31	0,898966308	0,65167083	0	3,911877239	0,044247788	4,854418065	126,4599662	63,1872375	27,05185003	0,373038248	0,186393031	0,079798968	26,44806056	0,988567351	0,660843717	0,060515421
17	4,590934373	5	0	0,453560689	5,957678621	44	6,503823695	7,242051777	0	23,64051362	0,294117647	1,300764739	20,98529462	52,23838495	478,6305931	1,234429095	3,072846174	28,15474077	474,602788	0,994131557	0,988320095	0,958376117
25	3,265793352	8	0	0,564648533	2,275889382	8698	4,802637282	7,453997859	0	30,29045924	0,32	1,36074723	26,04872948	69,7804159	1110,254365	1,041949179	2,791216636	44,4101746	1107,654991	0,992199896	0,969081639	0,835006624
28	4,05525351	12	0	0,135915001	4,29534387	117	7,096693643	8,012865951	0	29,58639363	0,428571429	1,892451638	28,97877501	77,96796934	993,4380331	1,03495625	2,784570334	35,47992975	989,040182	0,995203695	0,988649234	0,963240324
76	1,881857165	21	0	0,869430115	2,877529132	3346	2,600384446	2,362488412	0	9,240325683	0,276315789	2,383685742	45,62616204	47,42840522	85,9986217	0,600344237	0,624057963	1,131560812	84,54972531	0,994671234	0,929899754	0,683425874
233	0,59937053	66	0	0,271743012	0,552861457	23	0,836247506	1,163626985	0	8,951739373	0,283261803	2,327555558	96,46485656	82,17107738	158,0545678	0,41401226	0,352665568	0,678345785	153,1388685	0,950146571	0,65539125	0,317717429
62	1,132461463	14	0,134803283	0,370676308	1,346356604	80	1,462762723	1,745183024	0	8,426541048	0,225806452	1,170210178	34,31442483	38,64123529	121,9768754	0,553458465	0,62324573	1,967368958	121,483933	0,986914547	0,864877903	0,569589725
531	0,367488342	183	0	0,172565715	0,536500613	45	0,560736522	0,521454761	0	3,682224318	0,344632768	3,252271825	130,8273586	60,26230985	22,73162966	0,246379206	0,113488342	0,042809095	20,15511176	0,924892515	0,424109753	0,070239858
476	1,060726166	59	0,19291796	0,628367483	1,648396571	41	1,210804928	1,124795248	0	5,376756525	0,12394958	8,415094253	156,7952801	75,4859877	30,65493644	0,329401849	0,158584008	0,064401127	29,09124217	0,980527751	0,825675988	0,292507727
230	0,36451929	101	0	0,132698392	0,50705464	40	0,649918114	0,546386001	0	3,188790777	0,439130435	1,397323944	64,04183114	37,97446592	22,68675107	0,278442744	0,165106374	0,098638048	20,76254931	0,929159027	0,518859112	0,038034497
23	5,417376558	0	0,735019118	2,120597069	5,329865831	52	5,417376558	7,923968959	0,161467314	26,9676696	0	2,076661014	26,98524258	58,90657872	672,8253418	1,173271417	2,561155597	29,25327573	672,6883335	0,995868313	0,975341507	0,8931678
177	0,396814837	127	0	0	0,216295524	1258	1,404724522	1,018599067	0	7,818075938	0,717514124	1,170603768	38,27682729	36,09305606	61,16810823	0,216253262	0,203915571	0,345582532	58,77872249	0,984113867	0,826396855	0,474369539
157	0,427503666	70	0	0,126299515	0,512281754	42	0,771472133	0,722225245	0	3,911526993	0,445859873	1,118634593	60,959508	52,26323221	71,45049722	0,388277121	0,332886829	0,455098708	66,85623916	0,946689447	0,618408304	0,111979428
18	3,669025582	0	0,807260472	2,153378187	6,435706143	27	3,669025582	3,46927107	0,162917385	9,65821568	0	1,100707675	20,19071336	29,44920041	95,9916477	1,121706298	1,636066689	5,332869317	95,84504244	0,993941314	0,95348789	0,84411428
71	3,075258988	18	0,027723568	0,632612288	2,289036823	167	4,119686569	5,794183529	0	28,41638376	0,253521127	3,639056469	60,55374509	114,7168962	1207,503853	0,852869649	1,615730933	17,00709651	1195,747594	0,994958956	0,961146937	0,834052605
43	18,28294547	0	1,196091594	15,6792444	29,31023346	124	18,28294547	18,87188074	0,11395516	57,864667	0	13,10277758	90,3034469	278,8465906	4038,204965	2,10008016	6,484804432	93,91174337	4038,161845	0,99985505	0,992765383	0,984626767
144	3,034653937	22	0,591466744	2,171381937	4,312817108	405	3,581886614	3,423137923	0	20,49847565	0,152777778	7,283169448	118,5649657	156,6387862	475,2196895	0,823367818	1,087769349	3,300136733	473,3419008	0,998155698	0,973793523	0,779192722
89	1,241343402	15	0,194867386	0,866801882	2,092233794	1328	1,492967065	1,182400219	0	4,867159575	0,168539326	1,841326047	36,56915802	23,89564287	17,5931824	0,410889416	0,268490369	0,197676207	17,25786906	0,988498134	0,858227023	0,232858385
32	2,292271336	7	0,119052677	1,646909573	3,842479342	256	2,93410731	2,439028067	0	8,345485221	0,21875	1,222544713	30,91096038	45,41844588	132,612221	0,965967512	1,419326434	4,144131907	129,3121439	0,992754956	0,975495563	0,812627818
34	5,040187026	5	0,244562954	1,797086027	5,996644179	88	5,909184789	8,559067009	0	32,68710106	0,147058824	2,856105981	41,80643926	99,11507151	1242,672031	1,229601155	2,915149162	36,54917737	1241,319752	0,997573539	0,978172141	0,872781753
49	6,657877924	9	0,214391578	0,565710716	1,524852413	136	8,155900457	17,76136807	0	75,39090432	0,183673469	5,437266971	53,57065166	163,4054182	3899,273335	1,093278605	3,334804452	79,57700683	3898,780392	0,99692402	0,967004078	0,916659766
43	4,736926145	5	0,178410989	1,171969718	4,270437545	125	5,360205901	9,760520361	0	54,00388093	0,11627907	3,394797071	52,74395775	146,5756663	2760,500249	1,226603669	3,408736426	64,19768021	2759,731706	0,99507795	0,977492522	0,878044036
29	6,566577895	0	0,649726817	2,614247943	7,994952719	3572	6,566577895	9,353256895	0,175543207	40,73280428	0	3,173845982	42,54651681	116,5099341	1789,540299	1,467121269	4,017583934	61,70828617	1789,477392	0,999078178	0,969801264	0,918689343
278	0,775569285	79	0	0,44050637	1,013995801	53	1,083458599	1,128214055	0	8,931111896	0,284172662	3,593471019	102,85768	77,02655358	116,095133	0,369991655	0,277073934	0,417608392	115,0549485	0,982183624	0,713252139	0,21490661
23	10,33426211	0	1,610319523	3,237533009	12,51821195	95	10,33426211	15,18427494	0,107085632	52,59451388	0	3,961467142	40,35797887	122,7846575	2597,144304	1,754694733	5,338463372	112,9193176	2597,067287	0,99954947	0,993173453	0,949962094
11	12,754431	0	3,085818647	9,340365451	19,96519201	1205	12,754431	10,79685234	0,382807681	32,62644371	0	2,338312351	24,97724428	77,294737	924,9180973	2,270658571	7,026794273	84,08346339	924,9180973	0,997271482	0,997271482	0,968207401
149	0,807145571	23	0,147079384	0,609971387	1,191807603	79	0,954481668	0,810873474	0	5,143347872	0,154362416	2,004411502	64,68860042	42,86828035	38,31180867	0,434151681	0,28770658	0,257126233	37,69780234	0,976148129	0,730866678	0,06792719
46	4,706734145	0	0,571390938	1,806654452	6,502921115	283	4,706734145	7,387025018	0,101321298	40,62704262	0	3,608496178	57,42664958	127,9919414	1572,534456	1,248405426	2,78243351	34,18553165	1572,22542	0,997347287	0,956801721	0,90124013
117	1,441604904	34	0	0,303819921	1,733713644	95	2,032141852	2,766467528	0	15,79710451	0,290598291	2,811129562	79,23266379	106,5262575	386,7240799	0,677202255	0,910480834	3,305334016	380,9709279	0,985958532	0,905928777	0,624651847
60	1,47415869	0	0,458393838	0,79768112	2,187130801	384	1,47415869	1,435692738	0,111358758	5,691171522	0	1,47415869	41,37350873	42,47804332	82,04938073	0,689558479	0,707967389	1,367489679	81,96774237	0,99201601	0,810690546	0,471333942
260	0,98239364	19	0,345235236	0,807958811	1,470844212	95	1,05984376	0,794279844	0	4,794830824	0,073076923	4,257039105	101,1153883	54,8680419	29,07317164	0,388905339	0,21103093	0,111819891	28,70595054	0,990397954	0,774886731	0,067968432
284	0,736757771	118	0	0,322908717	1,273860271	356	1,26047715	0,946098352	0	4,973428517	0,415492958	3,487320115	112,2777615	89,87243721	94,24540012	0,395344231	0,316452244	0,33185	91,18182902	0,983993235	0,812869555	0,208733418
393	0,247111312	127	0	0,200635082	0,372492223	36	0,365093029	0,264940146	0	1,523779103	0,323155216	1,618579097	90,96101898	35,85565379	8,862708694	0,231452975	0,09123576	0,022551422	6,365194537	0,896627188	0,128495075	0
556	0,960540487	92	0,238535964	0,609324895	1,480343848	104	1,150992481	0,966081671	0	4,666893377	0,165467626	8,901008517	195,8933464	110,8648272	65,81771896	0,352326163	0,199397171	0,118377192	64,86058936	0,991803596	0,773116801	0,167790771
74	1,763011611	11	0,17507269	0,411788369	1,259769648	440	2,070839035	3,616724373	0	22,32417998	0,148648649	2,174380987	51,65997315	71,15544347	432,488547	0,698107745	0,961560047	5,844439824	431,4141864	0,987172195	0,869411043	0,739389105
459	0,875109597	123	0	0,336737379	1,19302729	1381	1,195462217	1,709851151	0	22,81003093	0,267973856	6,694588415	174,9846035	161,0560534	626,40049	0,381230073	0,350884648	1,36470695	622,3769229	0,981506823	0,794850327	0,309416952
41	1,684456655	2	0,354583071	0,942603406	1,914943493	83	1,770839047	2,242573776	0	10,31924308	0,048780488	1,151045381	31,94337949	36,83068753	100,7999151	0,779106817	0,898309452	2,458534514	99,9080896	0,988520463	0,867090868	0,501453681
392	0,754069504	36	0,335871194	0,606214511	0,992521772	989	0,830323724	0,640362952	0	4,074075618	0,091836735	4,926587427	125,3655026	60,94466539	35,33611607	0,319809956	0,155471085	0,090143153	34,61941817	0,98318051	0,539178927	0,057665415
215	0,290389748	81	0	0,166372341	0,366357482	78	0,465923849	0,469545954	0	3,285937679	0,376744186	1,040563263	50,10651397	26,85101856	21,22190575	0,233053553	0,124888458	0,098706538	19,7820664	0,895153653	0,292712513	0,104561142
388	0,851805968	71	0,170298231	0,509208765	1,169669582	38	1,042589008	1,230705933	0	14,6536233	0,182989691	5,508345259	140,3239303	99,69215211	328,4081708	0,361659614	0,256938536	0,846412811	326,095234	0,982800381	0,718543885	0,21696685
97	0,632670024	23	0,112581324	0,317364977	0,606146335	216	0,829310707	1,110402197	0	7,378181136	0,237113402	1,022816538	36,54578771	27,47182847	40,69399248	0,376760698	0,283214726	0,419525696	39,95651914	0,974893148	0,562138807	0,380232953
167	1,47603779	0	0,987642212	1,384130017	1,979082439	1066	1,47603779	0,69980123	0,105898344	3,867740088	0	4,108305183	89,82541202	60,26466722	40,19185015	0,537876719	0,360866271	0,240669761	40,14632847	0,998290044	0,883314789	0,056310266
311	2,949067889	53	0,394315983	3,077224013	4,726015021	410	3,554884161	2,37501322	0	10,30353621	0,170418006	15,28600189	204,8104319	206,712099	332,6345427	0,658554443	0,664669129	1,069564446	332,1327173	0,998539901	0,976363874	0,849528886
23	6,672117199	1	1,091144207	4,540671269	6,306809224	87	6,975395253	9,865267479	0	45,89120451	0,043478261	2,557644926	39,96594639	129,5055546	3178,334037	1,737649843	5,630676287	138,1884364	3177,710609	0,995974554	0,979988415	0,954356189
129	0,591670178	51	0	0,209976825	0,77003401	22	0,978531449	0,862957917	0	4,076368518	0,395348837	1,272090883	43,86033596	28,99172374	21,0971803	0,340002604	0,224742045	0,163544033	19,43193912	0,977379252	0,735636054	0,1764433
375	0,712746792	50	0,19585706	0,550068908	1,147277586	1667	0,822400145	0,616581055	0	3,150854318	0,133333333	4,454667453	146,8702991	83,10866579	42,81172613	0,391654131	0,221623109	0,114164603	41,18510283	0,97468587	0,611704299	0,011788588
86	0,889234568	15	0,211702545	0,653227966	1,393412846	52	1,077101026	0,836698157	0	3,254797299	0,174418605	1,274569548	40,95062465	27,82172696	18,67478066	0,476170054	0,323508453	0,217148612	17,94852673	0,990434052	0,800362231	0,084102177
242	0,352949743	86	0	0,220850526	0,615628271	48	0,547524601	0,428289167	0	2,518346031	0,355371901	1,423563962	59,67974909	28,67123912	11,0872715	0,246610533	0,118476195	0,045815171	9,845281322	0,9526461	0,268572974	0
108	0,790336921	0	0,456726195	0,691978072	1,054931994	6434	0,790336921	0,489423969	0,143404742	2,692660839	0	1,422606457	46,65081901	25,61145244	13,06903028	0,431952028	0,237143078	0,12100954	12,86116582	0,987899853	0,493159982	0
173	0,848670061	19	0,323271936	0,647861522	1,126239475	26	0,953376107	0,81178844	0	4,337390113	0,10982659	2,446998675	78,92742628	51,57002708	37,666225	0,456227898	0,298092642	0,217723844	36,48938343	0,98521153	0,618065723	0,120462711
