1,826405875	-1,063951812	3,040599255	-0,674755794	-0,40113982	-1,117547938	-0,480868754	-1,018556357	-0,261681959	-0,389988945	0,782350519	0,751396541	0,748786626	1,828960703	0,969768199	0,818450798	-1,14774768	-0,903035984	-0,366057697	0,810905831	-0,465517067	-1,233435838	-0,542972982
1,045439535	-0,080551141	2,343797198	-0,674755794	-0,47841479	-0,317280383	-0,142917487	0,412235864	0,891359668	-0,389988945	1,40538985	1,652241154	1,106386373	1,027332803	1,356669682	1,429779176	-0,685162373	0,001250878	-0,216946691	1,403504383	0,320660973	0,686563568	0,421568292
-0,324593203	-0,340388626	-0,073234938	-0,674755794	-0,471032999	-1,051698457	-0,454660288	-0,024630665	0,196617206	-0,389988945	0,221450689	1,22763402	-0,717924327	-0,479274791	0,069036241	0,384925477	0,083227029	0,305877243	-0,325092903	0,390019357	-0,595414494	0,395595293	0,664824503
1,357475022	-1,923523634	1,625220076	-0,674755794	-0,440488219	-1,634711567	-0,139469004	-2,089274824	-1,972573457	-0,389988945	-2,012981973	0,693124925	-0,578296921	0,515343864	-1,203592673	-1,955791412	-1,852712112	-1,893677907	-0,385560137	-2,129970089	-3,146578457	-3,009180922	-1,298358929
1,314245909	-1,06976011	0,013865319	-0,244589786	-0,330543651	-0,928371607	-0,195334418	-1,348908758	-1,479680755	-0,389988945	-1,583116222	-0,33127019	0,016433499	0,883316422	-0,725268889	-1,565619444	-1,328249573	-1,566510602	-0,385349413	-1,584351023	-0,928383167	-1,956377832	-1,298358929
-0,135826071	-0,280327559	-0,18211026	-0,674755794	-0,188446006	0,115308923	0,966114428	-0,156540541	-0,399468316	-0,389988945	-0,511801847	0,670114715	-0,584556772	-0,450957747	-0,629780149	-0,39087982	-0,21288582	-0,227500338	-0,373868408	-0,364029991	0,54365196	0,293474169	-0,68726882
0,361161236	-0,528950406	-0,552286353	-0,206464827	-0,336903848	-0,295058603	-0,420865162	-0,745913968	-0,599352021	-0,389988945	-0,478463146	-0,598306245	-0,402612158	0,168951979	-0,537266885	-0,729908058	-0,424667011	-0,604773079	-0,381647651	-0,697949322	-0,449563175	-0,264986001	-0,891035811
0,831189881	-0,700842533	0,863092826	-0,674755794	-0,425598082	-0,635299121	0,301936733	-0,570004346	0,087763254	-0,389988945	1,025943504	0,832330107	-0,12936598	0,820240355	0,826912081	1,095603236	-0,539960851	-0,179681791	-0,293931871	1,080335107	-0,67843441	-0,048865208	-0,545656826
0,928033032	-1,69545632	0,035640383	-0,313699248	-0,414775934	-1,517595509	-0,446383931	-2,064560062	-2,144735113	-0,389988945	-2,216965204	-0,048957186	-0,698967924	-0,01985513	-1,919858941	-2,400016465	-1,68081013	-1,890757541	-0,385605922	-2,536937447	-2,142026772	-3,208600986	-1,298358929
0,908533152	-0,69179398	0,12274064	-0,28202085	-0,284131081	-0,440737281	0,530226262	-0,803056781	-0,932036459	-0,389988945	-1,229434404	0,056269679	-0,039165226	1,069069025	0,329407172	-0,445286538	-0,405178432	-0,559441465	-0,381821974	-0,429202542	-0,120189727	-0,617609196	-1,298358929
1,667286706	-1,430291516	0,645342183	-0,340394729	-0,378112118	-1,299328354	0,181929548	-1,75003675	-1,716630134	-0,389988945	-1,266383021	-0,130966807	0,037503288	1,489583798	-0,045662623	-1,214562069	-1,258677407	-1,458442592	-0,385246325	-1,24147828	-1,785780592	-2,811042297	-1,298358929
0,792607194	-0,283470887	-0,203885324	-0,229618755	-0,279862976	-0,252432676	-0,491214201	-0,395601547	-0,216544147	-0,389988945	-0,090977512	-0,230546275	0,306679038	1,018746408	0,603624707	0,188243099	-0,262917381	-0,290601737	-0,37176542	0,201710969	0,037566786	-0,049038815	-0,258667457
-0,790634705	-0,198248644	-0,225660388	-0,674755794	-0,484868248	-0,079017927	-0,455349985	0,29640008	0,095203773	-0,389988945	-0,174148664	1,662328296	-0,857666216	-1,378156339	-0,891157797	-0,143473652	-0,022975169	0,192791284	-0,350237469	-0,125884232	0,072742909	0,731453581	0,446950099
-0,242780926	-0,136541244	-0,552286353	-0,244765872	-0,206206484	0,087949904	-0,30016828	-0,232137813	-0,301326219	-0,389988945	-0,494478387	-0,247700897	-0,567149859	-0,666196935	-1,210592484	-1,000220653	-0,250708422	-0,43704462	-0,38094168	-0,958175443	0,141298232	0,349302518	-0,286612416
1,180027786	-0,522873311	0,492916733	-0,388467532	-0,272861801	-0,240192912	2,246191065	-0,58228101	-0,655044667	-0,389988945	-0,704459848	0,14953143	0,539812592	1,456344943	0,671385806	-0,192841283	-0,44996786	-0,567364834	-0,380986744	-0,181745461	-0,369860666	-0,069790945	-0,901698532
0,059116467	-0,184769501	-0,421635967	-0,364980865	-0,384768456	-0,242764801	-0,485006933	-0,253750343	-0,031751056	-0,389988945	-0,28034825	-0,087120341	-0,38458195	-0,115769801	-0,463128423	-0,431268648	-0,201351668	-0,303729612	-0,376607269	-0,406056137	-0,4413335	0,202920452	0,526907882
-0,011051077	0,835006953	-0,63938661	1,569362824	0,462329837	0,892366888	-0,385000945	0,753591216	0,555790574	-0,389988945	0,772095489	-0,706420522	0,864950718	0,69637123	1,002197826	0,816042805	0,715172912	0,593729801	-0,276194122	0,810795148	1,080205344	0,840013957	0,695728291
-1,176784373	0,235135703	-0,247435453	-0,674755794	-0,538299046	-2,55867751	-0,367758534	1,171013223	0,828443744	-0,389988945	0,731766174	2,867459085	-0,852922339	-1,679052601	-0,196662876	0,67454222	0,34850241	0,847981151	-0,124693012	0,666553612	0,216420341	0,906376575	1,319601326
-0,735305216	-0,076487391	-0,378085838	-0,674755794	-0,185649086	0,350767498	-0,429141519	0,143973458	-0,140319325	-0,389988945	-0,396078311	0,914039549	-0,793259554	-1,419688998	-1,420859331	-0,688493288	-0,164037842	-0,111012899	-0,372656764	-0,648171412	0,571869645	0,606265776	-0,393293579
1,072982508	-0,143781198	0,318716219	-0,166974217	-0,123765341	0,099923046	0,145375635	-0,16487966	-0,447465485	-0,389988945	-0,531157872	0,101065082	1,030333795	1,31495907	0,604315655	-0,250763018	-0,420886585	-0,522045757	-0,381006218	-0,22504386	0,561808303	0,234386748	-0,667489964
0,10890682	0,152986317	-0,726486867	0,447845631	0,046787674	0,407143973	-0,412588804	-0,022858709	-0,28168369	-0,389988945	-0,241321308	-1,215236497	-0,020836876	-0,162609564	-0,700572344	-0,57517632	-0,336992923	-0,475991238	-0,37894337	-0,535509661	0,5054503	0,418365685	-0,375944799
1,439346372	-1,195495974	2,866398741	-0,674755794	-0,445660569	-0,75044705	0,097096883	-0,973686337	-1,075618465	-0,389988945	-1,184810931	1,229480733	0,025385714	0,76181376	-0,502001349	-1,255091454	-1,706470288	-1,543784601	-0,385155511	-1,225897703	-0,731322973	-0,792758584	-1,298358929
0,335109719	-1,129386593	0,209840897	-0,674755794	-0,435499449	-0,978513377	-0,491214201	-1,091148591	-0,917840049	-0,389988945	-0,955293739	0,762819469	-0,742800417	-0,243378782	-0,991914527	-1,026233875	-0,828520059	-0,833332314	-0,38315412	-1,018239108	-1,281144699	-0,735138939	-1,07246203
-1,918140241	1,58387548	-0,748261931	0,610061705	-0,038109869	0,926795395	-0,492593594	1,462079633	1,685064389	1,690330239	1,396012393	-1,580971942	-0,555437695	-1,506377813	0,582359966	1,382891899	1,696473407	1,78467476	2,514200676	1,358359195	0,344775056	0,771172603	1,280162898
0,69228437	-0,932297451	0,12274064	-0,344354871	-0,368631995	-0,709129514	-0,207748954	-1,033765379	-0,981593108	-0,389988945	-1,055570109	0,248194281	-0,434718204	0,151617375	-0,845317909	-1,10469644	-1,035444216	-1,071586085	-0,384141529	-1,075157689	-0,568664376	-1,078467557	-1,233862121
0,301649649	-0,201336712	-0,421635967	-0,134036071	-0,170183175	-0,054822899	-0,473282093	-0,308116732	-0,380685044	-0,389988945	-0,435945583	-0,261506735	-0,18303587	0,339409938	-0,032183087	-0,246540765	-0,143159613	-0,266571496	-0,375765679	-0,221180975	0,37715735	0,187609187	-0,474013066
-0,682771778	0,187230495	-0,552286353	-0,385615932	-0,158910166	0,144382288	0,749549738	0,199221823	0,377584283	-0,389988945	0,423167097	0,104596575	-0,646957185	-1,203564626	-0,757230031	0,256715734	-0,034034036	0,168777628	-0,318310245	0,270230703	0,057639774	0,546769808	0,507794929
0,024602545	-0,674081388	-0,203885324	-0,43165897	-0,398537	-0,606195793	-0,438107573	-0,675669093	-0,474884416	-0,389988945	-0,430555524	0,430620774	-0,696438475	-0,2311559	-0,348791699	-0,106949709	-0,262243986	-0,211676662	-0,368927256	-0,088875099	-0,441952877	-0,227721922	-0,612734682
1,286376994	-0,430791999	1,908295912	-0,674755794	-0,417715226	-0,022312291	-0,461557253	-0,226938659	-0,344269835	-0,389988945	-0,315237199	0,948182684	0,886291818	1,239252389	0,533684333	-0,208745767	-0,87017968	-0,74713657	-0,381560886	-0,186161952	-0,075578342	0,501040759	-0,460532082
1,414380764	0,644434458	0,514691797	-0,25852147	-0,282754518	0,52714376	-0,410519715	0,656317737	0,932513067	-0,389988945	1,492474602	-0,025899512	5,351864677	2,274969332	2,146095068	1,359472931	0,021522754	0,287569107	-0,284952115	1,335685088	0,617494124	0,722962892	0,93360956
0,658375007	-1,073785438	-0,290985581	-0,220004491	-0,344188678	-0,879872403	-0,488455415	-1,339161881	-1,433231488	-0,389988945	-1,450345451	-0,264088025	-0,544822397	-0,337352227	-2,118105965	-2,23820553	-1,543789551	-1,737202268	-0,385476697	-2,202898656	-0,781041551	-1,992182476	-1,298358929
-0,771861999	-0,050652585	-0,48696116	-0,460659754	-0,285310072	0,207138119	-0,491903897	0,042136182	0,092758403	-0,389988945	0,213025374	0,49772101	-0,798526454	-0,985070618	-0,442667677	0,213556827	0,338294901	0,400498116	-0,317865945	0,225185167	0,182639211	0,32516241	0,251939185
-0,242780926	0,712439399	-0,116785067	-0,674755794	-0,445342935	0,624898961	-0,486386326	0,97100165	1,001415006	-0,389988945	1,027044854	0,978285677	0,249954891	-0,171695331	0,535475605	0,729860464	0,252973578	0,500599665	-0,271578049	0,727279434	0,361958087	0,82956999	1,215067962
-2,670220347	2,41254438	-0,748261931	7,432141029	10,88800922	2,609758115	-0,491903897	2,227008782	1,748777791	3,145399668	1,243826237	-1,580971942	-0,459993373	-1,935562206	0,344361333	1,218139479	2,451460585	2,209520613	4,048091085	1,198900949	-0,342058266	0,850214307	1,470555395
-1,233526696	0,697655777	-0,63938661	-0,221210476	0,623769409	1,001423383	-0,353964605	0,732699395	0,273097629	-0,389988945	-0,138818956	0,082930443	-0,680387053	-1,268204738	-0,665106691	-0,090016506	0,834103175	0,666723919	-0,324039571	-0,06960643	0,976450798	0,857255915	1,139029559
0,555372149	0,143274295	-0,748261931	0,391387508	-0,092629709	0,166365914	-0,220163491	-0,043005907	0,100821791	1,342946938	0,586924375	-1,580971942	0,597181987	0,941680925	0,826822259	0,628610482	0,050758209	0,04216744	-0,343278397	0,629638654	0,354866571	0,286473584	-0,15507795
1,747655172	0,006822308	1,451019562	-0,279460117	-0,226377895	0,136621975	-0,139469004	0,026123026	0,020436628	-0,389988945	-0,008526714	0,202378499	3,563185715	2,468191384	1,643397828	0,400131649	-0,31047807	-0,347069165	-0,376973097	0,404607123	0,470306904	0,345756569	0,176275509
-0,12569602	1,258998827	-0,748261931	1,899350533	0,420903166	0,75582193	-0,491903897	1,142096941	1,36391496	1,692499827	1,502553487	-1,580971942	1,67878301	0,772287789	1,467512648	1,289766958	0,960633356	0,963682503	-0,02054402	1,268486959	1,352148821	0,865277794	0,892046266
-0,361681168	0,682648421	-0,748261931	0,605848028	0,55022168	0,890550594	-0,48155845	0,546576797	0,270385144	2,462832838	0,169880945	-1,580971942	0,049778967	-0,07989094	0,097381528	0,083711957	0,536940921	0,351256478	-0,350668485	0,103031371	0,800068869	0,634366422	0,998145018
-1,123042577	0,331139729	-0,726486867	0,724337188	-0,039476641	0,518144849	0,058473881	0,196822134	0,06138738	-0,389988945	-0,055015492	-0,900303779	-0,796285064	-1,306094707	-1,111281467	-0,371370747	0,617091272	0,365502436	-0,352399794	-0,3401688	0,72296754	0,399981384	0,214461537
1,154986786	-2,317907077	2,191371748	-0,674755794	-0,469750461	-1,913550047	0,676441913	-2,273636405	-2,208514919	-0,389988945	-2,622357298	1,33108191	-0,824002058	-0,267580651	-2,278025035	-2,652268585	-2,445083729	-2,309513639	-0,385696082	-3,188418097	-4,94634775	-3,310240897	-1,298358929
0,006923007	1,391847779	-0,051459874	-0,674755794	0,228940155	1,485940205	-0,488455415	1,561721369	1,48777491	-0,389988945	1,7365871	0,761722368	2,584348566	1,232817968	2,050473667	1,622791941	1,174400326	1,239962226	0,361264464	1,589969643	0,952625591	0,897174366	1,388928667
-0,999900389	0,346438055	-0,63938661	-0,399362572	-0,333789201	0,534285001	-0,390518517	0,324004339	0,584372428	-0,389988945	0,521470629	-0,118973707	-0,733858864	-1,15885392	-0,229301396	0,617187104	0,552416603	0,6916931	-0,192955349	0,618750429	-0,019794437	0,703851556	0,722322975
0,966049482	-1,251260501	0,100965576	-0,159233439	-0,345407341	-1,082462264	1,081983434	-1,494946511	-1,752776653	-0,389988945	-1,836547457	-0,011922395	-0,446884346	0,225710107	-1,371746971	-1,89726487	-1,457990282	-1,621891622	-0,385412959	-1,861627377	-0,099715248	-2,73515577	-1,298358929
-0,889969985	0,373830744	-0,704711803	0,077818535	-0,106421661	0,676472839	-0,441556055	0,261440204	0,22617415	-0,389988945	0,011167464	-0,723684021	-0,663259042	-0,654593274	-0,10266286	0,201315817	0,845942465	0,668228877	-0,310976361	0,214379207	0,352088683	0,449195194	0,633332428
-0,086106408	0,648448524	-0,007909746	-0,674755794	-0,189160578	0,354903473	-0,009116372	0,910292975	0,843966196	-0,389988945	0,815500001	0,986033541	0,386602618	0,619938734	1,409051167	1,118134656	0,760364294	0,898357348	-0,15246971	1,102327223	1,082110734	0,766658965	0,946749736
-1,578036234	0,893949373	-0,726486867	-0,24432724	0,165770028	1,052353306	-0,475351182	0,813804692	0,713897921	-0,389988945	0,287096185	-0,714220933	-0,758584721	-1,67839255	-0,941492477	-0,028340735	1,018681993	0,817203901	-0,286569486	-0,009682391	0,573839709	0,778235049	1,227933912
-0,616606307	0,860345247	-0,748261931	0,364093793	0,612957621	0,997891005	0,150893207	0,733982397	0,622492468	1,55325968	0,483187514	-1,580971942	-0,04005675	-0,371322576	0,245321746	0,588256546	0,671524384	0,634193968	-0,262820621	0,590931479	0,951723567	0,677946529	1,104841579
0,658375007	-0,106528846	0,296941154	-0,475021449	-0,192328414	0,230586277	0,843348457	-0,023449159	-0,140902072	-0,389988945	-0,214934094	0,481181109	0,364184062	0,719552452	0,291046126	-0,0961512	-0,351275721	-0,373380107	-0,376447305	-0,075724753	0,074891621	0,499070044	-0,003526629
0,977209179	-1,376709862	1,255043983	-0,674755794	-0,439097121	-1,19999546	-0,056705429	-1,306595767	-1,141329894	-0,389988945	-0,951601902	0,953949775	-0,515621802	0,4500215	-0,482122821	-0,724567809	-1,215156968	-1,115020173	-0,383471165	-0,72688107	-1,501994088	-1,382153214	-1,218877534
-1,149558882	0,398851367	-0,704711803	0,165585811	0,221876542	0,798795801	-0,476730575	0,303747289	-0,010978089	-0,389988945	-0,430302673	-0,598306245	-0,780089069	-1,409694397	-1,320441998	-0,574763132	0,562797177	0,290579331	-0,36153046	-0,540795823	0,506675248	0,657504633	0,724944906
1,062732105	-1,093648821	2,322022133	-0,674755794	-0,484628698	-1,773452303	-0,478799665	-0,688031666	-0,182595604	-0,389988945	0,306680788	1,599319216	-0,256421369	0,806742113	0,611080265	0,409809897	-0,961456436	-0,509133426	-0,368952828	0,408711396	-1,539695022	-0,229765738	0,150206623
0,260098384	1,357871465	-0,269210517	0,14389156	0,409751812	1,063821201	0,995081679	1,386981758	1,549139266	-0,389988945	1,712756818	0,071866453	3,464080191	1,352068237	2,074395403	1,699071709	0,906993712	1,076830538	0,330974706	1,663758198	1,053302016	0,879123387	1,294217557
1,135838139	-0,820392911	0,492916733	-0,356309846	-0,336125107	-0,706529886	-0,475351182	-0,918545537	-0,7678726	-0,389988945	-0,475194871	0,188589574	0,081185248	0,691025445	-0,522181569	-0,980297401	-1,226235072	-1,281194607	-0,384475784	-0,944530975	-0,340108964	-0,911476554	-0,918421323
-1,325084767	0,460400797	-0,508736224	-0,674755794	-0,306567016	-0,454161703	0,626094071	0,789249958	0,831770988	-0,389988945	0,743072398	1,194457661	-0,829002474	-1,867322283	-0,58340374	0,507325184	0,419907093	0,779143155	-0,170682611	0,512338032	-0,088588402	0,572412358	1,127479466
-1,757856521	1,51225574	-0,748261931	2,078334302	2,138871534	1,567445552	-0,46983361	1,392511363	0,983807898	2,970407835	0,868849797	-1,580971942	-0,492141358	-1,173263585	0,247232404	0,807690959	1,730353203	1,507331479	0,254426005	0,802763233	1,018652388	0,892729432	1,396017336
-1,808433267	2,093841556	-0,748261931	5,71137973	2,427941586	1,750250437	-0,487076022	1,941534899	1,888765235	5,789120103	1,735605774	-1,580971942	0,104124213	-0,575915069	1,478529625	1,787755752	2,270511493	2,156003172	7,075740018	1,749451595	1,018087579	0,914571604	1,485250316
1,031413004	-0,588728706	0,58001699	-0,420198066	-0,382629558	-0,669424171	-0,476730575	-0,599761562	-0,112567028	-0,389988945	0,191247802	0,357295096	0,228093453	0,875039492	0,16479485	-0,168670485	-0,829167945	-0,766890788	-0,380027003	-0,151428063	-0,39149767	-0,356913143	-0,182398944
1,246185644	-1,428149923	2,387347326	-0,674755794	-0,465007887	-1,58208802	-0,267752547	-1,214330352	-0,979002236	-0,389988945	-0,974930299	1,293824401	-0,357430522	0,383929392	-0,814597729	-1,103040937	-1,800484273	-1,557800058	-0,384817926	-1,084869436	-2,006485136	-0,730111176	-1,173611155
-1,071992722	0,973960728	-0,617611546	-0,281793443	0,016569961	0,953720556	4,855312789	1,015484458	0,896684544	-0,389988945	0,584806669	0,096761327	-0,381479758	-0,949658724	-0,107834074	0,452142795	0,866143825	0,809561144	-0,237894891	0,456730228	0,733768481	0,834711293	1,201521387
0,361161236	-0,278584357	-0,073234938	-0,220421622	-0,073888466	-0,035834451	-0,49328329	-0,261682998	-0,644407698	-0,389988945	-1,096684211	0,310169763	-0,197331709	-0,294610899	-1,380154667	-1,519904547	-0,933741833	-1,066337195	-0,384582748	-1,460489073	0,474157629	0,38092169	-1,298358929
-1,663872692	1,803259234	-0,748261931	0,797590812	1,171536593	1,739313705	-0,491214201	1,671756137	1,657382939	1,754564297	1,293032969	-1,580971942	-0,113457607	-1,086727199	0,533637956	1,215779259	1,661909129	1,576837846	1,083827492	1,196980318	0,961266178	0,901571432	1,43052767
-1,357546646	0,457804804	-0,748261931	0,564195106	-0,059675373	0,2534337	-0,374655498	0,304595302	0,411269173	2,580227741	0,129129815	-1,580971942	-0,842518473	-1,653180872	-0,958539454	0,23726277	0,679755935	0,630257559	-0,255799314	0,251345496	0,451218579	0,470273949	0,196574414
-0,976953959	0,28614247	-0,63938661	-0,308997396	-0,343893649	-0,019024065	-0,49328329	0,255641518	0,690459111	-0,389988945	0,79020909	-0,137131935	-0,750147129	-0,657853714	0,51833614	1,041589691	0,980810281	1,057814098	0,091435977	1,028195981	0,244167413	0,445501477	0,765836408
-1,42579105	1,191785115	-0,682936739	-0,115940833	-0,260295168	0,373110872	-0,49328329	1,185114733	1,463739689	-0,389988945	1,380599985	-0,171501727	-0,488527665	-1,158974538	0,55765371	1,279087366	1,238177107	1,413936248	0,945580866	1,25814766	0,979171421	0,68884896	1,234116094
-1,620027492	1,348909706	-0,704711803	0,557059534	0,187347545	1,474984523	2,317229801	1,318540401	1,381495856	-0,389988945	1,183899027	-0,312723316	-0,514246837	-1,171128252	0,747919938	1,316537413	1,525898422	1,65142219	1,404439123	1,29428399	-0,92373173	0,692055259	1,07786742
0,125007891	0,0076878	-0,748261931	0,586374548	-0,135955699	-0,135544405	-0,423623947	-0,196120854	-0,047495953	1,766089215	0,335174575	-1,580971942	-0,157457194	0,29305829	0,283248719	0,356278075	0,105754615	0,061694588	-0,348913743	0,366564755	0,692794283	-0,09322697	-0,407819735
0,373958669	-0,979089972	-0,421635967	-0,231339537	-0,317521995	-0,863652763	-0,372586409	-1,233116147	-1,321902682	-0,389988945	-1,49903475	-0,3086817	-0,658972274	-0,393656187	-1,693813198	-1,692180785	-1,070043335	-1,244375131	-0,384865553	-1,650620704	-0,752348453	-1,872853254	-1,298358929
-0,699990137	-0,192197412	-0,465186096	-0,459089511	-0,290653768	0,061793585	-0,484317236	-0,11000339	-0,195724291	-0,389988945	-0,34397373	0,506361001	-0,821975335	-1,333330162	-1,398566015	-0,527619629	-0,137322319	-0,130946847	-0,369215849	-0,491294883	-0,022915947	0,401347923	-0,087888937
-1,620027492	1,373709932	-0,726486867	0,141588185	0,352354212	1,562780887	-0,38017307	1,298695585	1,220640485	-0,389988945	0,954853882	-0,694314525	-0,495423911	-1,198202887	0,154835521	0,794838066	1,503106633	1,360159097	0,151873013	0,790357513	0,732307084	0,86307346	1,317020459
0,367578599	-0,87765607	-0,095010003	-0,394336867	-0,319758071	-0,589851075	-0,437417877	-0,962516331	-1,04299611	-0,389988945	-1,234645162	0,269783559	-0,612284756	0,108623107	-0,671321466	-1,003330702	-0,500616297	-0,685363538	-0,383141916	-1,004533343	-0,317203042	-0,845578599	-1,298358929
-0,790634705	-0,174258213	-0,051459874	-0,674755794	-0,538299046	-1,988746087	-0,393277303	0,679232014	0,384481696	-0,389988945	0,224667137	2,544912248	-0,849824625	-1,789359105	-0,736923929	0,320874427	-0,454331062	0,268805509	-0,300444509	0,329602578	0,358218677	0,790408745	1,191242715
1,139052025	0,179406615	0,209840897	-0,093395989	-0,067870274	0,210857248	-0,241544081	0,158311061	0,164474087	-0,389988945	0,322104826	-0,045177883	2,020363975	1,944258608	1,464029199	0,465417859	0,12246315	0,002096215	-0,36823946	0,469575542	0,573572776	0,53050066	0,135878947
0,947201353	-0,848668314	2,082496426	-0,674755794	-0,481903145	-1,054268477	-0,058084821	-0,390743035	-0,243989095	-0,389988945	0,051542681	1,659563341	-0,152149608	0,890835858	0,601219167	0,096647026	-0,664171224	-0,419628443	-0,375605739	0,096101086	-0,612432215	0,066946131	0,110442995
1,089863461	-0,726550754	0,58001699	-0,285138893	-0,29556571	-0,502105379	-0,487765719	-0,776263404	-0,884219669	-0,389988945	-0,896033703	0,299625858	0,133615476	1,091097551	0,242995845	-0,555579345	-0,692175387	-0,767680434	-0,38302035	-0,524798657	0,234570104	-0,693766783	-1,214981396
-0,790634705	0,592013821	-0,443411031	-0,674755794	-0,270313626	0,592798799	1,524768564	0,77661718	0,847490526	-0,389988945	0,801027367	0,716577166	-0,460892873	-0,75920254	0,05433669	0,608697992	0,587505699	0,670443672	-0,232784909	0,60955414	0,401409285	0,815079476	0,96458883
-0,057343567	-0,947999534	0,318716219	-0,674755794	-0,482483534	-0,595449882	-0,441556055	-0,516057203	-0,64037327	-0,389988945	-1,024425615	1,622742126	-0,836114751	-0,631653837	-0,839997744	-0,618468944	-0,544204763	-0,406565778	-0,378296458	-0,61176728	-0,766263738	0,054633284	-1,159969956
-0,699990137	-0,165846079	-0,247435453	-0,674755794	-0,474475227	0,217952105	-0,491903897	0,215841166	0,020687116	-0,389988945	-0,116550928	1,373959389	-0,812463923	-1,13381569	-0,725718371	-0,073434305	0,067056093	0,198916436	-0,348955675	-0,061453446	-0,294737629	0,767895705	0,543749186
-0,166804115	-0,292194032	-0,138560131	-0,674755794	-0,271518865	0,102464424	-0,494662683	-0,122409967	-0,379711684	-0,389988945	-0,387175839	0,813381273	-0,609752369	-0,146008483	-0,165047866	-0,244369973	0,151802768	0,049029484	-0,369896885	-0,239432529	0,340152389	0,513160896	-0,830880012
-0,699990137	0,147020706	-0,748261931	0,36758805	-0,037294318	0,199858619	-0,482248147	-0,038803155	-0,143724009	2,397759408	-0,269951596	-1,580971942	-0,677384401	-0,783930692	-0,708758411	-0,339603843	0,413906217	0,207401536	-0,362896434	-0,31054054	0,287719111	0,349147975	-0,157276203
0,100765738	0,332750004	-0,574061417	1,052127524	0,216576754	0,355287751	-0,488455415	0,241417773	-0,069950297	-0,389988945	0,140981446	-0,528392908	0,192660441	0,781335253	0,866251317	0,46814436	0,62089202	0,425335035	-0,338529309	0,465226495	0,605096323	0,730414363	-0,347489404
0,260098384	0,079690174	-0,508736224	0,208325234	0,058849472	0,269221561	-0,437417877	-0,022863963	-0,311081029	-0,389988945	-0,162147019	-0,435025476	0,073258316	0,607008952	0,342727409	-0,089676034	0,197475576	-0,013670354	-0,371946463	-0,069752277	0,600410314	0,540078946	-0,53564228
-0,288757519	0,316761926	-0,748261931	1,158439845	0,028281504	0,122467588	0,422633614	0,150034805	-0,07239014	2,415102233	-0,190622853	-1,580971942	-0,266256581	-0,235779901	-0,322642212	-0,180763539	0,266044346	0,064964789	-0,365702876	-0,152475743	0,724011773	0,593880582	0,10553709
1,311489288	-1,539085572	1,255043983	-0,474584151	-0,413355231	-1,320858082	0,650923144	-1,673909134	-1,585143002	-0,389988945	-1,550706222	0,531538635	-0,383983541	0,641822222	-0,88414111	-1,560005047	-1,6106298	-1,659931962	-0,385344344	-1,609696325	-1,878523328	-2,344275	-1,298358929
1,14863961	-1,089951073	2,365572262	-0,674755794	-0,479505241	-0,836885618	0,928870819	-0,749817413	-0,771237316	-0,389988945	-0,804441695	1,457851336	-0,174494517	0,703298811	-0,075699489	-0,648287499	-1,235381275	-1,01859916	-0,383549174	-0,651102533	-0,940677883	-0,023585059	-1,086323002
-0,020151756	1,179733023	-0,443411031	0,037347398	0,1117521	0,748816523	-0,446383931	1,187856123	1,541232009	-0,389988945	1,872359116	-0,080495314	1,733920783	1,053253451	1,989001806	1,810919229	1,055077287	1,218749346	0,893076026	1,771755603	1,061869915	0,838155448	1,135641108
-0,869324647	0,481254203	-0,704711803	0,499950067	0,212703719	0,744034479	-0,309824031	0,376671377	0,176112164	-0,389988945	0,013096674	-0,732843677	-0,589941919	-1,019147718	-0,682530817	-0,066976354	0,468825144	0,360820478	-0,341522493	-0,044480958	-0,385684315	0,702910657	0,474079068
-0,374337929	0,930584175	-0,726486867	0,093901861	0,18986812	0,875320332	-0,449142717	0,819897148	0,915734496	-0,389988945	0,890284566	-1,11673134	0,391271738	0,339764194	1,14089427	1,076649806	0,947526854	0,951115334	-0,104188793	1,062544572	0,810172865	0,755160149	1,048962632
-0,439997941	0,070445974	-0,726486867	0,580624142	0,01077271	0,27326164	-0,317410692	-0,108831628	-0,451708919	-0,389988945	-0,80762868	-1,101207277	-0,56790287	-0,659968704	-0,967137189	-0,618655506	0,09775191	-0,142403694	-0,374840646	-0,581682264	0,659712888	0,303057336	-0,411309069
-0,312513153	1,346277541	-0,704711803	2,134161043	0,561223861	1,413343046	-0,324307657	1,251276163	1,114583456	-0,389988945	0,967019173	-0,942593243	1,429168876	0,729663414	1,491517109	1,223359688	1,20206962	1,11503988	-0,011686113	1,202986373	1,04191066	0,918391577	1,121340702
0,423708116	0,413552072	-0,508736224	0,698978843	0,173267454	0,658151342	-0,488455415	0,329472567	-0,030948309	-0,389988945	-0,217202912	-0,524453859	0,860406797	1,026397885	0,732379085	0,018647181	0,3473977	0,088751056	-0,371346821	0,03532089	0,807570901	0,64337246	0,288450051
-1,023371834	1,534614451	-0,726486867	0,724169339	0,178577204	1,027134057	-0,470523307	1,436024546	1,613748913	-0,389988945	1,544127617	-0,934765667	0,373441264	-0,013384167	1,312815725	1,330317647	1,609081033	1,522611438	0,607846831	1,307500315	0,897057973	0,868145009	1,196493617
1,482967632	-0,176187006	-0,595836481	0,710204784	-0,023175531	-0,091385023	0,108132026	-0,387911978	-0,928043713	-0,389988945	-0,969773848	-1,072765866	1,956827766	1,956705693	0,863842115	-0,385818276	-0,420424961	-0,690241492	-0,383214528	-0,36398479	0,595955196	0,195634008	-1,232477259
0,341680842	-0,33436651	0,166290769	-0,674755794	-0,373561344	-0,551274574	-0,388449428	-0,209293729	-0,011345545	-0,389988945	0,075979893	0,691049982	-0,265380915	0,316662323	0,336495487	0,251323487	-0,234919733	-0,084077274	-0,361454005	0,261972286	-0,129707425	0,106363178	0,158436122
-0,265521032	0,944412821	-0,443411031	-0,144003156	0,071488314	0,816020256	-0,475351182	0,991936903	1,046224729	-0,389988945	1,044057233	0,12760619	0,598937293	0,463235993	1,275495772	1,146593288	0,892835402	0,950064616	-0,088180766	1,129929499	0,927422986	0,818285542	1,075931011
0,067575503	-0,14309838	-0,595836481	0,015860343	-0,138505148	0,141034223	-0,491903897	-0,295933645	-0,467303785	-0,389988945	-0,703049895	-0,581878175	-0,345094863	-0,06037762	-0,614905355	-0,798864125	-0,158312315	-0,393779684	-0,380865179	-0,75993719	0,189039472	-0,020081559	-0,681708549
1,494798143	-1,248538346	3,301900026	-0,674755794	-0,474359891	-1,384550077	-0,183609578	-0,980591718	-0,676490264	-0,389988945	-0,248556673	1,348420604	0,032376458	0,784016907	-0,191732123	-0,58686693	-1,784440057	-1,398378011	-0,38399004	-0,557354628	-1,446099668	-0,605414404	-0,644475494
0,673034155	-1,617071312	0,166290769	-0,437003018	-0,429601526	-1,529550823	0,750929131	-1,84864687	-1,628239575	-0,389988945	-1,728704864	0,317314628	-0,780704245	-0,28360659	-1,871241606	-2,07825514	-1,507620263	-1,619907735	-0,38540043	-2,202929938	-2,818181648	-2,224747175	-1,298358929
-0,665833168	-0,054094179	-0,748261931	0,203866172	-0,154054003	0,09525041	-0,490524504	-0,266543774	-0,289509093	1,62534023	-0,34876366	-1,580971942	-0,753803973	-0,768761844	-0,688841774	-0,278620119	0,371634533	0,18892371	-0,361175636	-0,253517502	0,576313826	-0,06000998	-0,379456805
0,677877974	-1,077313534	0,318716219	-0,437194198	-0,363060926	-0,956545274	0,086751436	-1,130901176	-1,098167316	-0,389988945	-1,2474962	0,483742603	-0,534544561	0,080138634	-1,072639792	-1,442451134	-1,09070907	-1,186887334	-0,384796624	-1,445411312	-0,657142474	-1,043328965	-1,298358929
-0,999900389	1,622047832	-0,726486867	0,728549667	1,419431473	1,628680718	-0,49328329	1,519740193	1,371438627	-0,389988945	1,31845916	-0,942593243	0,576576799	-0,132852193	1,089365748	1,186444284	1,474742727	1,382103513	0,299395115	1,168666908	1,054567861	0,901073544	1,43190604
0,991919381	-1,219465578	0,971968147	-0,674755794	-0,432910172	-1,132117123	-0,118088414	-1,216683235	-0,982539982	-0,389988945	-0,819661974	0,71395209	-0,407179365	0,621263297	-0,351981217	-0,828941115	-1,044910269	-1,049983213	-0,383864328	-0,835296628	-1,316932467	-1,056621077	-1,14999188
-0,632758948	0,291580439	-0,203885324	-0,674755794	-0,453917844	-1,086656061	-0,482937843	0,693206254	1,019695559	-0,389988945	1,280818416	1,404968452	-0,555690624	-0,664916163	0,752214859	1,243862581	0,417549702	0,923472032	0,155381945	1,223760888	0,198901659	0,436751409	1,157576659
-0,849083942	1,177131595	-0,530511288	-0,469390246	0,035870698	0,380263823	-0,327066442	1,272396524	1,402373595	-0,389988945	1,364772599	0,379333128	0,076384186	-0,287884097	1,140785873	1,366829673	1,113317882	1,300980428	0,524062074	1,342870195	0,942147362	0,859539039	1,076072149
0,006923007	0,868393599	-0,661161674	0,25654395	0,839934378	1,176077488	-0,478799665	0,778260307	0,420409239	-0,389988945	0,167836492	-0,807356045	0,975021266	0,513647935	0,535219771	0,176331232	0,514130496	0,303090725	-0,356667406	0,191265038	0,812888585	0,799979228	1,217792246
-0,829231917	1,569718853	-0,682936739	0,383749516	0,704287612	1,052920012	-0,023599998	1,502217366	1,870154832	-0,389988945	1,987084308	-0,558634187	0,796436057	0,048075395	1,746639209	2,000204538	1,376360539	1,634881754	4,540349854	1,954622518	0,902308176	0,875324048	1,376199179
1,330648053	-0,571646036	0,340491283	-0,256103577	-0,311339591	-0,425026495	4,499429413	-0,696947875	-0,630965835	-0,389988945	-0,375015542	-0,084480911	0,713442038	1,474560154	0,532974649	-0,383884034	-0,685909049	-0,785050566	-0,382814801	-0,364360089	-0,152737128	-0,423847594	-1,016654413
0,775023481	-1,818901583	0,645342183	-0,674755794	-0,433662563	-1,410314892	1,399243807	-1,95317211	-1,932114094	-0,389988945	-2,213963826	0,703704428	-0,808550896	-0,358766444	-2,095188771	-2,233709072	-1,797119201	-1,837676551	-0,38551117	-2,360520326	-2,547688739	-3,180961734	-1,298358929
0,888689721	-2,063465593	1,255043983	-0,674755794	-0,455556203	-1,847868098	-0,462936646	-2,082788575	-1,788613771	-0,389988945	-1,560917777	1,087112563	-0,842189931	-0,168002179	-1,671996483	-1,887218389	-1,785463249	-1,71670373	-0,385375918	-2,137554577	-3,34570594	-2,671026114	-1,298358929
0,539062356	-1,348822951	-0,225660388	-0,339082823	-0,384943251	-1,132075767	-0,472592396	-1,634589614	-1,628955218	-0,389988945	-1,548605343	-0,080495314	-0,73831087	-0,286940095	-1,763622517	-1,870807521	-1,256453514	-1,435676556	-0,385186105	-1,846319586	-1,71317087	-2,508179092	-1,298358929
0,511333583	-0,656048855	0,27516609	-0,626103509	-0,323758845	-0,498851954	-0,22223258	-0,591585568	-0,641292787	-0,389988945	-0,719421644	0,626185078	-0,378119975	0,403328101	0,02827853	-0,239658734	-0,435127071	-0,407685201	-0,377493686	-0,223109109	0,04728411	-0,363809592	-0,892550697
0,335109719	-1,069722514	0,318716219	-0,674755794	-0,449832424	-1,020831007	-0,494662683	-0,959838117	-0,67539382	-0,389988945	-0,702392503	0,919117555	-0,718551417	-0,649180694	-1,598140717	-1,205186927	-1,292581288	-1,158047493	-0,383795832	-1,177764428	-1,181827802	-0,489110599	-0,522734325
1,151817619	-1,401149313	1,298594112	-0,674755794	-0,431289631	-1,471814891	-0,340860372	-1,420910591	-1,025416647	-0,389988945	-0,845628114	0,748747664	-0,410506194	0,832948134	-0,153762664	-0,671423246	-1,091458184	-1,069892908	-0,383640887	-0,692839397	-1,579826223	-1,463451493	-1,019961277
0,843761424	-0,584426846	0,035640383	-0,136768423	-0,195728554	-0,444446898	0,019850879	-0,687429437	-0,856272549	-0,389988945	-0,557791315	0,017241756	0,002253464	0,89697037	0,177512088	-0,373739436	-0,478890321	-0,598983289	-0,381014099	-0,346879037	0,254484332	-0,63399852	-1,127665309
-0,889969985	1,406830371	-0,704711803	1,733645382	0,591994781	1,252681419	-0,432590001	1,328395264	1,495080357	-0,389988945	1,689803386	-0,723684021	0,368218183	0,194672421	1,562509346	1,620357273	1,588930269	1,569879899	1,43041388	1,587739869	1,067034149	0,894700652	1,154989793
-0,585030365	0,375588731	-0,465186096	-0,444375695	-0,339872111	0,25816931	-0,4132785	0,463894673	0,679156947	-0,389988945	0,782310706	0,374180061	-0,465492283	-0,262980383	0,65367812	0,948681661	0,722451275	0,832416271	-0,126167077	0,937129189	-0,334263059	0,530976466	0,971061701
-0,932543498	0,938210718	-0,63938661	0,150658241	-0,092111639	0,433268749	-0,432590001	0,931707543	1,344847312	-0,389988945	1,552700602	-0,171501727	-0,289175192	-0,462782708	1,12585531	1,532961231	1,086532737	1,353349846	1,123331023	1,50332647	0,795642831	0,732317799	0,990937833
-0,426535506	-0,338752191	-0,399860903	-0,37005302	-0,359512	-0,359495001	-0,042911499	-0,295352707	-0,071330989	-0,389988945	0,042507588	0,428804807	-0,764356227	-1,090843225	-1,232965497	-0,384981314	-0,372051986	-0,287582172	-0,369719409	-0,353200467	-0,015454437	0,038846544	0,036756773
-1,709748072	1,234562471	-0,748261931	1,757440882	0,360716976	1,044342571	-0,285684655	1,117570991	1,174708104	1,958660732	0,906449322	-1,580971942	-0,64988873	-1,625990229	-0,146160537	0,869621522	1,275151449	1,285471232	0,31090289	0,862653813	0,812015218	0,882806163	1,077040612
0,516935231	-0,060846284	0,188065833	-0,438906072	-0,339751319	0,221263605	-0,080155108	0,034527227	0,066126814	-0,389988945	0,189772324	0,50976642	0,226902688	0,754800148	0,55529617	0,12355608	-0,076313103	-0,095235453	-0,369695694	0,128769236	0,227421671	0,493445964	0,245092968
2,743771429	-1,404573359	6,611709798	-0,476811195	-0,413526855	-1,112682857	0,494362046	-1,495624704	-1,413014187	-0,389988945	-1,287788455	0,566701348	2,075508533	2,766457511	0,99419978	-0,674920022	-1,661258987	-1,669135731	-0,385300082	-0,69030718	-1,571818846	-1,975389368	-1,298358929
1,327930582	-0,599213571	1,015518276	-0,113132719	-0,220695883	-0,398570545	0,819209081	-0,608590675	-0,89555402	-0,389988945	-0,506688469	0,368083717	0,662065065	1,288593963	0,241592556	-0,499278938	-0,887620335	-0,973152608	-0,383348454	-0,463419635	0,781197449	-0,526415208	-1,191568202
0,459597877	-1,197197277	-0,203885324	-0,30633261	-0,365150854	-0,992790723	1,94479371	-1,420658441	-1,456200439	-0,389988945	-1,228104026	0,01616749	-0,713352547	-0,251993743	-1,402374063	-1,301144405	-1,067323437	-1,168405589	-0,384265889	-1,256233554	-0,931696526	-2,160127871	-1,298358929
-0,439997941	-0,565666274	-0,290985581	-0,674755794	-0,227112309	-0,240754797	-0,047739374	-0,433264968	-0,734816577	-0,389988945	-1,232060672	0,789199513	-0,851188594	-1,243195284	-1,789157585	-1,250494984	-0,510954596	-0,548681909	-0,381778461	-1,210958817	0,121694411	0,055461106	-1,298358929
1,492441699	-0,536965684	-0,704711803	0,38097596	-0,166292325	-0,422236761	-0,089121162	-0,825328313	-1,445228833	-0,389988945	-1,385978607	-1,311181027	1,08935406	1,63185265	0,272128626	-0,958408596	-0,789962179	-1,095765128	-0,38481824	-0,913647782	0,332761486	-0,975803094	-1,298358929
0,924159955	-0,971109829	1,080843469	-0,674755794	-0,463598271	-1,136823431	0,568849264	-0,856826324	-0,544565414	-0,389988945	-0,508073944	0,890756615	-0,27867335	0,729148798	0,019671415	-0,44772408	-0,80226763	-0,764743781	-0,381896413	-0,443027397	-1,565673727	-0,238769793	-0,587624259
-0,12569602	-0,389047976	-0,443411031	-0,337784314	-0,315189186	-0,800037776	-0,447763324	-0,464891574	0,210969639	-0,389988945	0,662742603	0,004904918	-0,637761007	-0,176799319	0,268525164	0,751058712	0,051622782	0,256233861	-0,279280463	0,745018296	-0,453049311	-0,414577496	0,017294914
-0,242780926	-0,615037486	0,013865319	-0,674755794	-0,452274499	-1,362409341	-0,412588804	-0,291416366	0,337887318	-0,389988945	0,68306617	1,302557517	-0,793004954	-0,938605494	-0,37511812	0,506616482	-0,541102929	-0,00137567	-0,314214935	0,510258766	-0,954075058	-0,045044702	0,540178807
0,067575503	0,063079172	-0,508736224	0,027694206	-0,142205483	0,418677641	0,331593681	-0,021758954	-0,155388648	-0,389988945	-0,294304426	-0,318172946	-0,161005808	0,111522194	-0,174596005	-0,341109128	0,018176073	-0,151261932	-0,375140722	-0,313497	0,551410558	0,31485326	0,077337405
-0,374337929	0,063047537	-0,552286353	-0,140720969	0,044777774	0,440789484	-0,489834808	0,009075178	-0,269475629	-0,389988945	-0,662879523	-0,152715564	-0,529523052	-0,782967867	-1,117683513	-0,804563063	-0,141489016	-0,275120021	-0,378235429	-0,760473727	0,280093948	0,584714274	-0,185273999
-1,023371834	0,073463191	-0,748261931	-0,004963027	-0,160128379	0,155196127	-0,389139124	-0,121595884	-0,055596611	2,047064643	-0,337092496	-1,580971942	-0,851671643	-1,937598112	-2,585738198	-1,430686466	-0,184486866	-0,387798989	-0,380235058	-1,363917341	-2,200593688	0,017768379	0,161948331
-0,166804115	-0,563456234	-0,290985581	-0,354512978	-0,354057339	-0,800721625	-0,247061653	-0,544178088	-0,239239351	-0,389988945	-0,227469945	0,44556621	-0,739828841	-0,547175	-0,613895366	-0,196332261	-0,259405917	-0,192667959	-0,368475108	-0,173628405	0,012176866	-0,57682863	-0,07314814
-0,029329959	-0,3246052	0,12274064	-0,674755794	-0,42789448	-0,250149852	-0,244992563	-0,032027482	-0,004316821	-0,389988945	0,201546683	1,163825688	-0,543603865	-0,106417831	0,196023497	0,391225427	-0,040176352	0,137255897	-0,339838157	0,394970911	-0,000549441	0,44656451	0,160211026
0,459597877	-0,600788282	-0,007909746	-0,248195572	-0,203109921	-0,326740878	-0,169125952	-0,6280222	-0,967266055	-0,389988945	-1,269917187	0,308264889	-0,37823177	-0,064463568	-1,078435694	-1,382438987	-0,855100774	-0,992285269	-0,384443084	-1,353982441	0,193343594	-0,445472253	-1,298358929
0,367578599	-1,206207086	0,42759154	-0,674755794	-0,433897654	-1,112104503	0,623335285	-1,076282379	-0,911456028	-0,389988945	-0,818679882	1,022496067	-0,758343526	-0,645729293	-1,693564671	-1,427370227	-1,350734909	-1,238314722	-0,384412354	-1,397386042	-0,841959325	-0,764881065	-1,15924867
0,231492725	-0,392830003	-0,726486867	0,478338977	-0,164731582	-0,378702437	-0,454660288	-0,650833198	-1,124611096	-0,389988945	-1,260338866	-1,236375065	-0,404016786	0,038540427	-0,764433412	-1,003746595	-0,337694967	-0,617576721	-0,382768597	-0,964006445	0,953591215	-0,840726726	-1,298358929
-0,699990137	0,110734624	-0,748261931	1,23426408	0,093825104	0,229221257	-0,299478584	-0,07957247	-0,668554073	2,577605023	-0,811288894	-1,580971942	-0,695396737	-1,356768361	-1,955965822	-1,177131039	-0,161654222	-0,394903891	-0,379954975	-1,116170848	0,733491424	0,594811745	-0,843318802
0,006923007	-0,418733512	0,100965576	-0,674755794	-0,436857579	-0,742206687	-0,473282093	-0,172411591	0,023835919	-0,389988945	0,178699424	1,06066714	-0,576152446	-0,482794862	-0,526040238	-0,202431317	-0,498706743	-0,293532048	-0,371349388	-0,182329588	-0,36819831	0,081965787	0,091797368
-0,495634937	-0,356357193	-0,290985581	-0,674755794	-0,460152971	-1,442888843	-0,449142717	-0,173351136	0,323613288	-0,389988945	0,27606	0,86937201	-0,800412922	-0,937655399	-0,412424058	0,308289314	-0,088982322	0,189030582	-0,323950484	0,31810209	-0,85505246	0,203852887	0,873662114
0,602909069	-1,486628269	-0,073234938	-0,311893057	-0,382224317	-1,232128425	-0,094638734	-1,759959674	-1,934004787	-0,389988945	-2,26731162	0,085580556	-0,762918952	0,005022998	-1,310954728	-1,671040356	-1,038590903	-1,250436831	-0,385030361	-1,813369046	-1,12440617	-3,252882951	-1,298358929
0,668169182	-0,379800881	-0,073234938	-0,228775231	-0,296334595	-0,275316126	-0,360861569	-0,44811321	-0,414058823	-0,389988945	-0,420841532	0,030856456	0,025779182	0,804036761	0,296366614	-0,198119406	-0,278774976	-0,378309058	-0,378094442	-0,179562484	0,222208213	-0,188019455	-0,426072594
0,539062356	-0,370350423	-0,051459874	-0,399385756	-0,266587015	-0,162800419	-0,48362754	-0,402130273	-0,280927899	-0,389988945	0,065299296	0,171527247	-0,106765277	0,693396629	0,345528623	0,072555437	-0,176735653	-0,241156433	-0,371480648	0,08729237	-0,220809807	0,098696991	-0,594899205
0,140873538	0,133382535	0,035640383	-0,674755794	-0,345845455	0,343688709	-0,486386326	0,311912167	0,440779172	-0,389988945	0,793309105	0,744499368	-0,006195402	0,323437302	0,588740606	0,660036203	0,109981548	0,227880148	-0,318163943	0,658487614	0,121166532	0,714507632	0,262786204
1,677389024	-1,514886699	3,519650669	-0,674755794	-0,427450238	-1,188255937	-0,46983361	-1,38787791	-1,396872899	-0,389988945	-1,368839988	1,141272714	-0,036023855	1,38771884	0,180346202	-0,816542932	-1,396428345	-1,318337301	-0,384757933	-0,859898143	-1,229073604	-2,055230175	-1,298358929
-1,023371834	0,619466482	-0,312760646	-0,674755794	-0,47548328	-0,197800103	-0,420865162	1,148845489	0,976304533	-0,389988945	0,721753069	1,797176384	-0,602256504	-1,455749532	-0,239180283	0,622192761	0,304132446	0,705446597	-0,186170672	0,622909776	0,609702425	0,826469124	1,289147213
-2,444863972	1,729282242	-0,748261931	1,603763109	0,845963791	1,602085124	-0,482937843	1,601629251	1,690622917	1,917482164	1,395890543	-1,580971942	-0,775667338	-1,844609593	0,550549166	1,467177479	2,201023826	2,14316137	5,988180619	1,439606173	0,413303542	0,91999117	1,461783412
-1,357546646	0,990938275	-0,748261931	1,389680927	0,710722977	1,115836158	-0,396725785	0,869551796	0,546935183	1,282519054	0,31376044	-1,580971942	-0,582106392	-1,13625347	-0,368716803	0,156584056	1,151439524	0,907010738	-0,274481993	0,172294526	0,90016878	0,795123405	0,9999599
1,034935948	-1,505074178	0,057415447	-0,364704406	-0,399326639	-1,360091173	0,33573186	-1,838039493	-1,668988275	-0,389988945	-0,932264883	-0,106821297	-0,551189365	0,328366387	-1,191105533	-1,270740303	-1,465611356	-1,583251998	-0,384875995	-1,241073738	-2,116788647	-2,764356381	-1,213010515
-0,954508992	0,47089246	-0,552286353	-0,451067478	-0,415417732	-0,532341616	-0,488455415	0,565222245	0,928563874	-0,389988945	0,958016373	0,381828962	-0,647074397	-0,986941294	0,143713459	0,809977859	0,640645783	0,845292025	-0,107972066	0,803928015	-0,009201069	0,597394387	1,124837879
0,638524242	-0,263904275	-0,661161674	0,181889761	-0,0813833	-0,058509507	1,777197469	-0,484549783	-0,879369059	-0,389988945	-1,103853453	-1,011999351	0,125773581	0,570552616	-0,465399421	-1,117515769	-0,476110102	-0,805817113	-0,384088295	-1,087020616	0,423083799	0,034329342	-1,298358929
0,423708116	0,379922353	-0,33453571	0,213673316	0,131217673	0,547697611	0,204689531	0,349253511	0,195611832	-0,389988945	0,245014955	-0,17584326	0,793428863	0,875912475	0,737324152	0,324089636	0,199068561	0,091794976	-0,359848506	0,328455684	0,756013142	0,676646746	0,359618191
0,294833154	-0,690966767	-0,574061417	-0,117833551	-0,27311454	-0,617760992	-0,491903897	-0,942753739	-0,99099914	-0,389988945	-0,753241044	-0,625203069	-0,553691868	-0,105290676	-0,958938791	-0,995331002	-0,603619042	-0,779527521	-0,382911511	-0,953568046	-0,280667506	-1,152454949	-1,196639565
-1,204759114	1,918865805	-0,748261931	4,484543843	2,192475559	1,914437357	-0,369827623	1,780170788	1,634568925	2,545144109	1,665417599	-1,580971942	0,813326612	0,412643368	1,98422687	1,802120187	2,200160437	2,029072025	3,725072424	1,763301181	1,250529774	0,922472695	1,442266463
1,132615153	-0,052649257	0,536466862	-0,363677883	-0,335466746	-0,559621025	1,482697079	-0,033391085	0,457850288	-0,389988945	1,083501685	0,225367837	1,367420307	1,436530501	1,34934058	1,140848997	-0,391540172	-0,072371253	-0,30868668	1,123905859	0,198241324	0,142149023	0,595781746
1,151817619	-0,540868933	0,057415447	-0,360720733	-0,184944527	-0,226459808	-0,22223258	-0,684425687	-0,886617312	-0,389988945	-1,238398978	-0,189084739	0,467637286	0,798846268	-0,476170646	-1,23349216	-1,130622083	-1,267685292	-0,384924359	-1,185915351	-0,700263163	-0,078520044	-1,298358929
-0,076433007	-0,484773818	-0,748261931	-0,003527098	-0,197342318	-0,176801064	-0,346377943	-0,768831686	-1,084950124	1,436329007	-1,199344612	-1,580971942	-0,659170353	-0,73027838	-1,779524579	-1,571002551	-0,616920962	-0,873266259	-0,384061014	-1,502377461	-0,513346027	-0,34729016	-1,298358929
1,991415482	-0,552119991	2,844623676	-0,448920075	-0,339207222	-0,302569928	-0,252579224	-0,515706665	-0,530912951	-0,389988945	-0,466046114	0,49569467	2,341464739	2,38215452	1,274160353	-0,045364906	-0,805547353	-0,818936702	-0,382794543	-0,033379291	-0,420078722	-0,055474874	-0,750223012
0,100765738	0,037963456	-0,682936739	1,075969715	0,046992942	0,071896512	-0,346377943	-0,132969419	-0,729463032	-0,389988945	-0,823473942	-0,942593243	-0,152116861	0,082131991	-0,47050008	-0,727372473	-0,067889843	-0,343316501	-0,380431749	-0,682204014	0,741955951	0,439458524	-0,886687699
0,423708116	-0,890312039	0,166290769	-0,454925311	-0,367098289	-0,624602365	-0,346377943	-0,874102043	-0,94173564	-0,389988945	-1,231646327	0,589661497	-0,586343775	0,135404791	-0,456029904	-0,735245614	-0,570518497	-0,613186295	-0,381924649	-0,711861223	-0,399010218	-0,661624736	-1,298358929
-0,413242527	-0,165045344	-0,290985581	-0,674755794	-0,451556578	-1,943104167	0,012953914	-0,00443443	0,778760857	-0,389988945	1,015652898	0,752021933	-0,68072493	-0,990357148	0,092031812	1,005655903	-0,289473775	0,389809574	-0,13709025	0,993698425	-0,555254717	0,340192941	1,020750083
1,116361852	-0,893023775	0,797767633	-0,453188046	-0,405183753	-0,817701713	-0,470523307	-0,927994426	-0,689359004	-0,389988945	-0,398168032	0,438452884	-0,019460414	0,939257542	0,059746235	-0,370848764	-0,907413531	-0,905875132	-0,382074241	-0,357693827	-0,921237961	-0,479597143	-0,845858301
0,539062356	-0,797287793	-0,465186096	-0,289068851	-0,36264537	-0,521450117	-0,258096796	-1,048679126	-0,917554039	-0,389988945	-0,997308718	-0,492863319	-0,45563736	0,046133924	-1,048755702	-1,275765849	-0,875467616	-1,047649804	-0,384323673	-1,234252788	-0,957107903	-0,62400068	-1,228324418
-0,632758948	0,551485517	-0,203885324	-0,674755794	-0,261880389	0,275992912	-0,482248147	0,948651925	0,788251736	-0,389988945	0,813177004	1,404968452	-0,366468825	-0,865831358	-0,047962161	0,559235679	0,220275007	0,491261759	-0,268102911	0,562164912	1,091856669	0,866470674	1,00831031
0,423708116	0,452067173	-0,051459874	-0,362419014	-0,189260872	0,479160536	-0,309824031	0,521322235	0,631076631	-0,389988945	0,728915064	0,280871271	0,940161759	0,872090508	0,909518812	0,63667109	0,195266937	0,198488807	-0,336766158	0,634355504	0,495518148	0,712575077	0,683942061
-0,771861999	0,6749001	-0,682936739	0,539146249	0,455367286	0,86800292	-0,467074825	0,599597031	0,238628744	-0,389988945	0,100955825	-0,58882279	-0,380689176	-0,823626136	-0,623326208	-0,157718563	0,494993818	0,309748579	-0,351793905	-0,131088206	0,771058688	0,803430751	0,704479536
0,006923007	1,787481218	-0,48696116	-0,157882666	0,096161085	1,419079374	5,752607888	1,747743832	1,902342795	-0,389988945	2,033173618	-0,217485824	4,673005208	1,432170035	2,408362003	1,88663827	1,347721522	1,479591188	1,155901672	1,844798733	1,036284839	0,895304718	1,416279591
0,067575503	0,258823846	-0,704711803	0,310842889	-0,110127994	0,570717041	-0,336722193	0,104871784	0,003294461	-0,389988945	-0,166915864	-1,052192886	0,054501788	0,519732406	0,494726984	0,228868084	0,423163471	0,231083358	-0,355415791	0,235718173	0,75234961	0,301178497	0,430487051
0,653445416	0,066657638	-0,748261931	1,088341681	0,077395968	0,079753491	-0,465695432	-0,129285207	-0,673031096	1,702734227	-0,547648583	-1,580971942	0,6336427	0,921070334	0,194240887	-0,480865092	-0,132140434	-0,428077276	-0,381036631	-0,442707654	1,047041765	0,434254189	-0,88295013
-0,911036915	0,75740068	-0,726486867	0,027206292	0,230658065	1,112023975	3,120036485	0,648636551	0,571113923	-0,389988945	0,343437793	-0,971280269	-0,427401769	-1,140667832	-0,785977678	-0,088613733	0,421186313	0,344585856	-0,341387317	-0,064201506	0,734425614	0,708253156	1,096836522
-1,578036234	2,332829846	-0,748261931	1,243400903	3,255663727	2,713164328	-0,49328329	2,156627055	1,90571578	1,618658343	1,580100606	-1,580971942	1,019969414	-0,583252162	1,023810916	1,254217	1,943566735	1,761567609	1,085821566	1,234156282	1,207854654	0,925853373	1,510027016
-1,325084767	2,290927701	-0,726486867	0,830561747	1,58298127	2,275086701	-0,476730575	2,144407705	2,053002427	-0,389988945	1,833943786	-0,82390866	1,554516001	-0,053723818	1,61774653	1,668930548	2,004726089	1,902639086	2,852724184	1,634647934	1,170420729	0,932843918	1,483548478
0,100765738	-0,620507588	-0,116785067	-0,463705259	-0,364078469	-0,687087203	-0,479489361	-0,586820082	-0,42239723	-0,389988945	-0,330895961	0,517240016	-0,630418057	0,058586288	-0,125979168	-0,188221114	-0,092091311	-0,151781592	-0,372273211	-0,181910637	-0,439060848	-0,317147155	-0,462281768
-0,790634705	1,721514106	-0,661161674	0,588917568	0,316181638	1,645124309	0,701960682	1,661443621	1,735429369	-0,389988945	1,713812279	-0,418495699	1,26111653	0,733438146	2,198120932	1,894760093	1,887348988	1,880797174	3,103635149	1,852709341	1,205408282	0,880925114	1,364536076
-0,809753557	1,87517731	-0,748261931	0,808705052	0,469186363	2,203013282	-0,366379141	1,739368644	1,62992984	1,403987499	1,489631646	-1,580971942	1,675000821	0,194620499	1,40502376	1,344415371	1,47239459	1,422415352	0,441228686	1,321053634	1,162433212	0,886010297	1,346741151
-0,569592317	-0,244646564	-0,682936739	-0,012490714	-0,124596303	-0,021960311	-0,012564855	-0,426947044	-0,656348453	-0,389988945	-0,933678772	-0,687367801	-0,788747234	-1,078162146	-1,579910573	-1,029987503	-0,104060939	-0,332343787	-0,379370027	-0,984412524	-0,090356368	0,071909666	-1,164657403
-0,288757519	0,324394383	-0,63938661	-0,225086112	-0,300496047	0,444072767	-0,356033694	0,225948789	0,414545896	-0,389988945	0,223101701	-0,575072177	-0,259253128	-0,734744714	-0,944571438	-0,328249093	-0,241571878	-0,260967866	-0,370324238	-0,296805387	0,205307765	0,500718642	0,849844131
1,119631142	-0,857261186	0,754217505	-0,307424404	-0,341944608	-0,716936048	-0,174643524	-0,8974537	-0,90362626	-0,389988945	-0,920207588	0,402822093	0,021808827	0,840041908	-0,093674086	-0,683498738	-1,025491332	-1,004380195	-0,383619177	-0,649262475	0,220987473	-0,899989833	-1,166208846
-0,481447853	0,070140143	-0,378085838	-0,42295417	-0,328172618	0,046082447	-0,491903897	0,191690426	0,394900371	-0,389988945	0,659585517	0,565261125	-0,593970136	-0,35681803	0,363208276	0,727151936	0,465942728	0,591891703	-0,241842386	0,722528124	0,266614997	0,466398598	0,433364625
-1,357546646	1,952609229	-0,748261931	1,746900823	1,092625807	2,066062852	5,296028829	1,811544797	1,800384055	2,576453713	1,678309506	-1,580971942	0,584665364	-0,414650192	1,294369463	1,636690682	1,762980155	1,748586627	2,688077671	1,603552596	1,229634988	0,888409983	1,401210059
-1,808433267	0,991986788	-0,748261931	0,019108085	-0,133533443	1,434500193	0,029506629	0,870632863	0,945646118	1,552825611	0,496467652	-1,580971942	-0,818525758	-2,237813035	-1,139670321	0,183431114	0,887723333	0,915445906	-0,196986629	0,19990596	1,002717779	0,726430449	1,198384206
0,706506993	-0,143600011	0,079190512	-0,321638236	-0,328316651	0,24382982	0,860590869	-0,144250496	-0,170546197	-0,389988945	-0,261481035	0,184277	0,381423157	0,619278363	-0,021043703	-0,487380633	-0,541422553	-0,602773826	-0,381320916	-0,457078644	0,150628385	0,292243327	0,159734594
0,179552596	1,207187882	-0,269210517	-0,28745195	-0,256835956	0,005839285	0,371596076	1,254259621	1,477657201	-0,389988945	1,569478263	0,143190489	2,469696573	0,904415909	1,573692321	1,291191587	0,614364104	0,805366007	-0,113607784	1,269719242	0,899863002	0,728623784	1,267678689
-1,176784373	1,163337514	-0,704711803	0,067862236	-0,010578167	1,648612834	0,529536566	1,101649948	1,032909659	-0,389988945	0,782924594	-0,583976862	-0,30345573	-0,589468582	0,601366417	0,925813847	1,349704773	1,251541583	0,065252221	0,916298213	0,887142411	0,82352797	1,211982995
1,475810804	-0,209055096	-0,312760646	0,191171809	-0,030328301	-0,010178359	0,250899194	-0,389347516	-0,7524649	-0,389988945	-0,638892079	-0,713257288	1,842066779	1,744923398	0,569244974	-0,577052547	-0,637062565	-0,884069588	-0,383927154	-0,543982	0,286360702	0,239563735	-1,070754203
1,145452709	-0,529261775	-0,421635967	-0,033453433	-0,209867938	-0,335663533	-0,487076022	-0,76194569	-0,937124906	-0,389988945	-0,789468049	-0,706420522	0,475248929	1,235345456	0,160030801	-0,727429193	-0,630103557	-0,867873511	-0,383820832	-0,69303404	0,218961524	-0,49136381	-1,126563302
-1,861753177	1,188808159	-0,63938661	-0,674755794	-0,34178797	1,251285192	-0,478109968	1,391440747	1,232899153	-0,389988945	0,918947552	0,840369739	-0,755873647	-1,817906017	-0,125792297	0,802305865	1,347721897	1,410393822	0,321409267	0,793970692	0,587918618	0,905510573	1,422349641
-1,499017815	0,86256317	-0,574061417	-0,674755794	-0,293657715	0,309938044	5,490523232	1,114156435	1,255855591	-0,389988945	1,131164894	0,967432706	-0,735093399	-1,451229794	0,304852938	1,173190464	1,095493773	1,342361428	0,729738562	1,154959864	0,446155578	0,823447536	1,072119256
-1,391089863	1,071244791	-0,48696116	-0,674755794	-0,479412102	0,941371851	-0,427762126	1,468150548	1,313102265	-0,389988945	1,111254641	1,497295132	-0,550890484	-1,270284426	0,46337126	1,125957653	1,085296314	1,340665866	0,505414768	1,108468872	0,676590049	0,906914539	1,436158508
-0,413242527	0,310400701	-0,290985581	-0,674755794	-0,161607124	0,54780604	1,799267756	0,498982501	0,288210233	-0,389988945	0,065202123	0,752021933	-0,380708044	-0,499088608	-0,275103775	-0,058387539	0,213402136	0,193147626	-0,357401041	-0,042479483	0,631454979	0,656314346	0,641800678
0,743571075	-0,937548569	0,688892312	-0,674755794	-0,420562847	-1,249667429	-0,492593594	-0,857934026	-0,365978915	-0,389988945	0,034941839	0,786606666	-0,400153704	0,77449501	0,537173668	0,263802373	-0,438433329	-0,292020124	-0,368785601	0,261955215	-1,337167438	-0,514621704	-0,396399338
-0,616606307	-0,22596634	-0,443411031	-0,420333466	-0,377698708	-0,2430891	-0,453280895	-0,15069188	0,014100592	-0,389988945	-0,022986894	0,494539455	-0,801102783	-0,983268428	-0,601537648	0,129026671	0,074876629	0,192071703	-0,33640591	0,145422262	0,126835387	0,378958897	0,318634252
1,636443685	-1,516270076	3,236574833	-0,674755794	-0,463532702	-1,285227744	-0,477420272	-1,414184126	-1,165696385	-0,389988945	-0,852436978	1,087421117	-0,079796323	1,293145552	0,08985296	-0,834946887	-1,433873676	-1,342041182	-0,384750002	-0,85635942	-2,180804238	-1,501169805	-1,098956858
1,515793012	-0,297080914	0,536466862	-0,310650147	-0,26605065	-0,026424757	-0,480179057	-0,38100403	-0,398510872	-0,389988945	-0,464616205	-0,087231872	1,708804495	1,601404257	0,41751065	-0,65131205	-0,864195909	-1,01971	-0,384207619	-0,636822113	-0,18864508	0,211740267	-0,467966493
0,729815793	-1,526107548	1,451019562	-0,674755794	-0,480805739	-1,352340295	-0,480868754	-1,20357127	-1,117385734	-0,389988945	-1,003721799	1,549742842	-0,722421814	0,077484583	-0,629888999	-0,836178825	-1,189844218	-0,981603396	-0,383347603	-0,83829519	-2,03686978	-1,097009503	-1,190383804
-1,578036234	1,343400973	-0,748261931	0,712489908	0,380477255	1,146933291	-0,472592396	1,226315968	1,304295529	2,220321338	1,032338873	-1,580971942	-0,487073251	-1,391279634	0,055924213	0,956187457	1,273011316	1,280925662	0,349003978	0,946251788	0,736575288	0,850149456	1,237231475
0,453696835	-1,423556278	2,017171233	-0,674755794	-0,538299046	-2,412645243	0,359181539	-0,199286137	-0,494202185	-0,389988945	-0,09528308	3,893049256	-0,800966428	-0,797603678	-0,713222255	-0,247500161	-1,700682362	-0,784494759	-0,377144467	-0,237928336	-0,018182813	0,214815178	0,048316187
0,328498967	-1,334279649	0,775992569	-0,674755794	-0,483578136	-1,340118675	-0,479489361	-0,966592216	-0,833424278	-0,389988945	-0,789560959	1,583355875	-0,818970555	-0,006418419	-0,125064356	-0,160455656	-0,555992559	-0,342644895	-0,374393469	-0,167890684	-1,453450014	-0,672375161	-0,980463497
-1,808433267	0,97533818	-0,748261931	0,848835351	0,394680101	1,322933271	-0,489834808	0,853453436	0,624232842	2,243763453	0,107226186	-1,580971942	-0,82518113	-1,883349089	-1,055463383	0,001268341	1,20629238	0,952151247	-0,251866033	0,023300176	0,57304144	0,756931261	1,097974737
-0,481447853	0,803817348	-0,356310774	-0,62243144	-0,264211533	0,315846542	-0,393277303	0,967354136	1,053136067	-0,389988945	1,076986598	0,637292666	0,054200796	-0,017777852	0,988493276	1,20851784	0,786318003	0,942762644	0,041385382	1,186074174	0,655552613	0,789601482	1,069410917
-0,976953959	2,404202471	-0,748261931	1,582699668	6,254937815	2,623804967	-0,422934251	2,21967545	1,960804115	1,452231128	1,661158376	-1,580971942	3,332798805	0,662166517	2,052902524	1,684978102	2,085156366	1,917272159	1,973196037	1,650187117	1,475865268	0,924472272	1,496871914
0,23871474	0,790780307	-0,269210517	0,441554896	0,40248046	0,945280119	-0,229129545	0,829489214	0,612741323	-0,389988945	0,794444101	0,090431731	1,316662085	1,125607163	1,383468528	0,799017745	0,730671703	0,639624697	-0,302927374	0,792788745	0,9947143	0,84354642	0,913670647
-0,254090295	-0,126986088	-0,421635967	-0,30697088	-0,162745841	0,223244402	0,407460292	-0,126308934	-0,350676906	-0,389988945	-0,565205981	0,182275298	-0,568602361	-0,875151896	-1,421822169	-0,996733068	-0,4522245	-0,533805042	-0,380859808	-0,951649689	0,214987101	0,350589082	-0,63730343
-1,263134664	0,511519872	-0,595836481	-0,45006053	0,175245978	0,833492232	-0,331894318	0,626093493	0,316587968	-0,389988945	-0,032280183	0,457479849	-0,782972081	-1,160682348	-0,342980552	0,17289229	0,980037227	0,844782224	-0,28172659	0,17711469	0,484967354	0,850806593	1,008588655
-1,204759114	1,276314674	-0,63938661	-0,213177451	0,240311882	1,257358382	-0,447763324	1,305572156	1,364957043	-0,389988945	1,195310428	0,056269679	-0,217043452	-0,647703371	0,794461456	1,220528635	1,341987099	1,373188948	0,532273795	1,201195387	0,917913114	0,862223735	1,179358068
-0,849083942	1,532423842	-0,552286353	-0,270121698	-0,29319751	-0,109301547	-0,414657893	1,587738206	1,916750733	-0,389988945	1,868112906	0,267694168	0,67717027	-0,226164776	1,435225756	1,671955254	1,167916449	1,46778076	1,613113807	1,637568235	0,842895164	0,814585547	1,303922195
-0,976953959	1,218241477	-0,63938661	-0,338030025	-0,030527901	0,935770677	-0,422244554	1,216544779	1,467235742	-0,389988945	1,606239506	-0,137131935	-0,030420081	-0,25261107	1,301318383	1,541010086	1,338412966	1,483082667	1,226791936	1,511045716	0,665716501	0,85932477	1,194297024
-1,357546646	1,519886848	-0,748261931	0,55151263	0,594357926	1,521393713	1,955139157	1,39995007	1,43419611	2,447874809	1,377957572	-1,580971942	-0,10696606	-0,617878397	1,008747708	1,370141939	1,596034807	1,59670264	1,164259461	1,346114645	1,15095114	0,826517148	1,309683908
0,931892849	-0,643860049	0,971968147	-0,674755794	-0,347443924	-0,554039857	-0,4719027	-0,520511845	-0,395597469	-0,389988945	0,032737942	0,791130659	0,038408237	0,883706914	0,446185297	0,102921092	-0,645356054	-0,505566095	-0,375335209	0,117666319	-0,111738402	-0,267811861	-0,688266247
-1,578036234	1,922700192	-0,748261931	2,364496904	0,864404299	1,918162645	-0,442935448	1,783742079	1,801632745	1,341177063	1,585106902	-1,580971942	0,165896288	-0,70763172	1,076788842	1,517409457	1,844512046	1,788876327	2,45065788	1,488345302	1,272217928	0,926212926	1,398463293
-2,26287599	2,103493616	-0,748261931	5,149294969	3,508535944	2,312768537	0,322627627	1,950340555	1,544900668	5,798550402	1,193751574	-1,580971942	-0,396427136	-1,522511789	0,451106672	1,095315968	2,187081258	1,969530177	1,726313999	1,080706758	0,881880102	0,943693365	1,450259413
0,274125021	-0,599056254	-0,247435453	-0,397164043	-0,274020998	-0,375745168	-0,453970592	-0,683457795	-0,717901452	-0,389988945	-0,509325994	0,099814191	-0,512103269	0,094577577	-0,434479974	-0,517921701	-0,352391479	-0,471891459	-0,37936645	-0,486565425	-0,380210469	-0,192675763	-1,10552223
-0,911036915	1,212237081	-0,748261931	0,403664623	0,244457527	1,332536232	-0,313272513	1,095107768	1,248680013	1,247989779	1,375823039	-1,580971942	0,043613532	-0,107959391	1,130160935	1,31773297	1,364172911	1,340119788	0,472900061	1,295435307	0,890720073	0,771066648	1,260147801
0,024602545	0,03234038	-0,007909746	-0,674755794	-0,406665108	0,026914566	-0,442935448	0,229679148	0,427825276	-0,389988945	0,562364355	0,822976112	-0,232625018	0,439609329	0,890881773	0,703260839	0,414524621	0,499357379	-0,302796821	0,695266284	0,075924655	0,554064393	0,47494865
-0,649165133	0,055924785	-0,748261931	0,190398412	-0,192693311	0,269040576	-0,24361317	-0,141421921	-0,167033498	1,41025721	-0,407653491	-1,580971942	-0,695803295	-0,665395539	-0,449057227	-0,084099413	0,444296152	0,296705148	-0,351474612	-0,058876719	0,433589815	0,147818771	0,039698512
0,860307514	-0,381045273	-0,33453571	-0,02317261	-0,188240368	-0,147882959	-0,442935448	-0,548546973	-0,738434626	-0,389988945	-0,580417496	-0,449026957	0,268293816	0,854629652	-0,050975233	-0,683446213	-0,553012575	-0,752862904	-0,383016481	-0,644657897	0,328420045	-0,004905012	-1,105405149
0,954778411	-0,701761648	1,821195655	-0,674755794	-0,398394639	-0,30310755	-0,262924671	-0,331290051	-0,566065935	-0,389988945	-0,543301745	1,432759059	0,00163347	1,032861621	0,661324515	-0,008649102	-0,52279848	-0,387294455	-0,377489422	-0,002766023	-0,024167067	0,157113493	-0,705791159
1,305956099	-2,007006343	2,017171233	-0,674755794	-0,451371284	-1,725766957	-0,48362754	-2,063017199	-1,892072381	-0,389988945	-1,815399767	0,982840182	-0,645770496	0,67451388	-0,724107152	-1,450590176	-1,56085417	-1,558188766	-0,385258865	-1,600686725	-3,249492227	-2,76213578	-1,298358929
1,687404626	-0,405788792	1,255043983	-0,22455255	-0,274301099	-0,140984949	-0,43672818	-0,444218645	-0,545668797	-0,389988945	-0,607952576	0,1646233	1,877143938	1,980478898	0,943665202	-0,206289031	-0,736872013	-0,805218563	-0,382851764	-0,184292811	0,419244436	-0,012454781	-0,822022154
-0,439997941	0,243019179	-0,508736224	-0,344330597	-0,359886372	-0,315208781	-0,204990168	0,250754336	0,659865725	-0,389988945	0,869143835	0,065814838	-0,453219284	-0,287922166	0,332989354	0,755478697	0,464522843	0,542657772	-0,239015608	0,751383173	0,140836598	0,398295335	0,800673213
1,475810804	-0,508836579	1,930070976	-0,674755794	-0,392403191	-0,374625585	0,444014204	-0,396856311	-0,004712127	-0,389988945	0,887893409	0,710270109	1,112754913	1,788283244	1,417551966	0,924315007	-0,58982231	-0,296448974	-0,351544513	0,912772128	-0,143516459	0,080251161	-0,419963341
-1,023371834	0,195677872	-0,704711803	-0,00552988	-0,129903843	0,131220255	-0,451211806	0,073474599	0,241652529	-0,389988945	0,169777113	-0,661702405	-0,807742208	-1,104886689	-0,679942416	0,027582272	0,642536701	0,48864489	-0,324068049	0,044898853	0,216268069	0,388398459	0,12520464
1,303179465	-0,675530146	0,035640383	-0,040845927	-0,275648713	-0,577877158	0,17365319	-0,867444613	-0,954889599	-0,389988945	-0,74739718	-0,305965688	0,500251179	1,220548235	0,106584989	-0,565949101	-0,920665303	-1,038509586	-0,383560991	-0,535525602	-0,063991107	-1,010333848	-1,134654109
0,658375007	-1,805089969	1,015518276	-0,674755794	-0,466216062	-1,74620351	-0,454660288	-1,687449612	-1,274987284	-0,389988945	-0,971986084	1,243436354	-0,846017475	-0,339837606	-1,21550384	-0,877930817	-1,54677361	-1,248721843	-0,383345883	-0,867752574	-3,316741863	-2,061654316	-1,001523074
1,29200522	-0,538875609	0,797767633	-0,35334172	-0,317677716	-0,396288127	-0,482248147	-0,569509786	-0,312500375	-0,389988945	0,494297934	0,26388694	0,701794531	1,412443484	0,802275655	0,625889234	-0,687851457	-0,573417915	-0,364563832	0,624084866	-0,082335504	-0,245239532	-0,682417486
-0,166804115	-0,875303862	-0,247435453	-0,462274302	-0,400796536	-1,141405842	-0,359482176	-0,869079156	-0,410883938	-0,389988945	-0,151517743	0,553281802	-0,852165624	-0,876238053	-1,175622517	-0,482341625	-0,611669093	-0,48594779	-0,375287047	-0,453360389	-0,432500463	-0,912396805	-0,218925672
0,392879501	0,057268615	-0,748261931	1,189280638	0,061393312	0,165555497	0,226759818	-0,139901642	-0,865128822	1,321983151	-0,801249018	-1,580971942	0,216766649	0,653133852	0,089911156	-0,489647595	0,025691246	-0,271938981	-0,379779829	-0,450664583	1,01420968	0,457602778	-1,138501206
1,052388239	0,762661378	0,405816476	0,069460431	0,794948339	1,032939007	-0,225681062	0,821920913	0,292922533	-0,389988945	0,168342505	0,193016409	4,089151911	2,056279902	1,71508833	0,631987783	0,368337271	0,245064016	-0,358958362	0,632538411	1,052807646	0,85451044	1,113346119
-1,578036234	1,534362071	-0,726486867	1,384626166	1,429005924	1,304205305	-0,44845302	1,453097188	1,475488556	-0,389988945	1,475261907	-0,714220933	-0,320441873	-0,724220754	1,145187471	1,594994218	1,831189445	1,82430038	3,085406949	1,563214211	0,746599608	0,869971183	1,410937572
0,125007891	-0,952484366	0,362266347	-0,674755794	-0,447323852	-0,864455821	-0,49328329	-0,651139127	-0,656333868	-0,389988945	-0,746815732	1,33406961	-0,765807377	-0,566184748	-1,082384009	-0,881631407	-0,804038492	-0,695090293	-0,381717193	-0,878662877	-0,327879437	-0,172331639	-0,797458719
1,254917638	-0,739288689	0,340491283	-0,305103008	-0,299974527	-0,417506513	0,641267393	-0,880293926	-0,99340406	-0,389988945	-1,016404646	-0,027816723	0,336759898	1,49007143	0,553019673	-0,452584191	-0,540041149	-0,70788485	-0,382957583	-0,436155262	-0,441041021	-0,700971581	-1,26489262
-0,288757519	-0,491054326	-0,421635967	-0,275196872	-0,255279522	-0,206004567	-0,472592396	-0,527986789	-0,686847823	-0,389988945	-0,982045294	0,21575481	-0,764948672	-0,682856362	-1,153618333	-0,95869279	-0,187368807	-0,367818753	-0,38037067	-0,927415621	0,330671262	0,103762589	-1,059603486
0,783849852	-1,565300366	1,124393597	-0,674755794	-0,442612679	-1,123241128	-0,475351182	-1,448795362	-1,37179223	-0,389988945	-1,256680703	1,139597137	-0,71333126	-0,042505928	-1,101548696	-1,298919058	-1,431978926	-1,299997851	-0,38467449	-1,308899912	-1,252296232	-2,164623281	-1,298358929
-0,057343567	-0,622661133	-0,748261931	0,18725097	-0,238490534	-0,510099385	3,929050437	-0,933849042	-1,231633762	1,928318485	-1,184348272	-1,580971942	-0,713662977	-0,461332852	-1,298550638	-1,189686921	-0,361553732	-0,646082962	-0,382785641	-1,136313563	0,181076189	-1,206631015	-1,298358929
0,429771534	-0,542986788	-0,33453571	-0,064625264	-0,257604603	-0,437861212	-0,490524504	-0,684966909	-0,716782738	-0,389988945	-0,682875563	-0,18014482	-0,358774002	0,43304163	-0,145530287	-0,527984347	-0,26341347	-0,440294171	-0,380356221	-0,505241385	0,037201866	-0,673836463	-0,956380531
